[{"t": 0.0, "pos_enu": [46.25737244871692, 14.243294471418041, 12.529769610338388], "R": [[0.5251363359076554, -2.7755575615628914e-17, 0.851018], [-0.494905872926022, 0.8135138872613554, 0.305391], [-0.6923149613093842, -0.5815457169249323, 0.427206]], "omega_spin": 20.148228081296295, "tether_tension": 259.2898454834281, "tether_rest_length": 49.949999999999996, "swash_collective": -0.03247369265856977, "swash_tilt_lon": 4.5787991262056795e-17, "swash_tilt_lat": 7.526515404082256e-17, "body_z_eq": [0.8510178869673862, 0.30539095943782274, 0.4272059432582967], "wind_enu": [10.0, 0.0, 0.0]}, {"t": 0.05, "pos_enu": [46.25890112190912, 14.293448590320462, 12.528538173555924], "R": [[0.5251386196166175, -2.7180846412736284e-06, 0.8510165907857553], [-0.49490505340281427, 0.8135129118607956, 0.3053949263798424], [-0.6923138149015308, -0.581547081386534, 0.4272060004141334]], "omega_spin": 20.152411732067904, "tether_tension": 235.0049423419223, "tether_rest_length": 49.96999999999995, "swash_collective": -0.01606915166192911, "swash_tilt_lon": 0.0010200701516238462, "swash_tilt_lat": -0.0008572384999329732, "body_z_eq": [0.8507179161721674, 0.30622558539167494, 0.4272059432582967], "wind_enu": [10.0, 0.0, 0.0]}, {"t": 0.1, "pos_enu": [46.27727286936195, 14.348595066927043, 12.53029533763644], "R": [[0.52515062057132, -1.6998071999965474e-05, 0.8510091850436599], [-0.4949007465901175, 0.813507787171124, 0.3054155561717477], [-0.6923077904646904, -0.5815542498888829, 0.4272060049444851]], "omega_spin": 20.15601819662882, "tether_tension": 309.2993680806847, "tether_rest_length": 49.9899999999999, "swash_collective": -0.054399646792670724, "swash_tilt_lon": 0.0018995881376207666, "swash_tilt_lat": -0.001597094737254909, "body_z_eq": [0.8504186845408391, 0.30705560250322345, 0.4272059432582967], "wind_enu": [10.0, 0.0, 0.0]}, {"t": 0.15, "pos_enu": [46.278010421552885, 14.397961737213977, 12.523928642702668], "R": [[0.5251759693590158, -4.7151874696098324e-05, 0.8509935408509268], [-0.49489164852830253, 0.8134969645270249, 0.3054591227251709], [-0.692295065289907, -0.5815693871953985, 0.42720601987211115]], "omega_spin": 20.15971553066316, "tether_tension": 270.09590316349227, "tether_rest_length": 50.009999999999856, "swash_collective": -0.037881997616769705, "swash_tilt_lon": 0.0026808002452987675, "swash_tilt_lat": -0.002254972970532801, "body_z_eq": [0.8501208123599624, 0.3078793374639267, 0.4272059432582968], "wind_enu": [10.0, 0.0, 0.0]}, {"t": 0.2, "pos_enu": [46.28133892488742, 14.447674667749714, 12.516283486771615], "R": [[0.5252183634122398, -9.756699112684452e-05, 0.8509673723296756], [-0.49487642939095383, 0.8134788659053916, 0.30553197070576993], [-0.692273782811272, -0.5815946963709129, 0.42720605303293097]], "omega_spin": 20.163153793713086, "tether_tension": 245.51985633921683, "tether_rest_length": 50.02999999999981, "swash_collective": -0.023265133030280404, "swash_tilt_lon": 0.003351609688284416, "swash_tilt_lat": -0.0028206299558049047, "body_z_eq": [0.8498250972064065, 0.3086946488083505, 0.4272059432582968], "wind_enu": [10.0, 0.0, 0.0]}, {"t": 0.25, "pos_enu": [46.29707376687848, 14.50069136721875, 12.51046883269813], "R": [[0.525277881880019, -0.00016832808875774622, 0.8509306234847357], [-0.49485505580853956, 0.8134534550196059, 0.30563422757566056], [-0.6922439024999552, -0.5816302208647129, 0.4272061078579141]], "omega_spin": 20.16611406844915, "tether_tension": 292.87248138173663, "tether_rest_length": 50.04999999999976, "swash_collective": -0.04735887226363491, "swash_tilt_lon": 0.0040139485580196615, "swash_tilt_lat": -0.003379770214496229, "body_z_eq": [0.8495323387609038, 0.30949941428735833, 0.4272059432582967], "wind_enu": [10.0, 0.0, 0.0]}, {"t": 0.3, "pos_enu": [46.30291751646162, 14.549977880421508, 12.499299157250636], "R": [[0.5253522463662572, -0.0002567195955939088, 0.8508846918292406], [-0.4948283395494417, 0.8134216994210143, 0.3057619730322371], [-0.6922065671580047, -0.5816745985917664, 0.42720618288958667]], "omega_spin": 20.169016444334684, "tether_tension": 274.5230253530045, "tether_rest_length": 50.069999999999716, "swash_collective": -0.040465698065333844, "swash_tilt_lon": 0.004637277567012835, "swash_tilt_lat": -0.003906692303160386, "body_z_eq": [0.8492429631522077, 0.31029255805005523, 0.4272059432582967], "wind_enu": [10.0, 0.0, 0.0]}, {"t": 0.35000000000000003, "pos_enu": [46.30873088711355, 14.598505205831522, 12.486202136781298], "R": [[0.5254430358782815, -0.0003646123676588163, 0.8508285905484883], [-0.49479570532953454, 0.8133829174718314, 0.30591791461383155], [-0.6921609827449556, -0.5817287703592178, 0.42720627882159756]], "omega_spin": 20.17170308275383, "tether_tension": 253.6443259384853, "tether_rest_length": 50.08999999999967, "swash_collective": -0.028873004691395227, "swash_tilt_lon": 0.005167157255340448, "swash_tilt_lat": -0.004355555943519959, "body_z_eq": [0.848957632259405, 0.3110723720829183, 0.4272059432582967], "wind_enu": [10.0, 0.0, 0.0]}, {"t": 0.4, "pos_enu": [46.32332868443818, 14.64896022470875, 12.474042661407658], "R": [[0.5255495689006559, -0.0004911933646267705, 0.8507627264221934], [-0.494757388155362, 0.8133373895852909, 0.30610087973640804], [-0.6921074898410065, -0.5817923298501604, 0.42720639086543677]], "omega_spin": 20.17399402470733, "tether_tension": 282.7907634560423, "tether_rest_length": 50.10999999999962, "swash_collective": -0.043547739480962924, "swash_tilt_lon": 0.005696188318635427, "swash_tilt_lat": -0.0048042857472460855, "body_z_eq": [0.8486770078843968, 0.31183716637562053, 0.4272059432582967], "wind_enu": [10.0, 0.0, 0.0]}, {"t": 0.45, "pos_enu": [46.3327665224396, 14.696901698303114, 12.458348071098275], "R": [[0.5256688685049888, -0.0006329257422891514, 0.8506889251155808], [-0.49471444845698137, 0.8132863756484029, 0.3063057569928416], [-0.6920475815813454, -0.5818635030920084, 0.4272065092665832]], "omega_spin": 20.17614710809532, "tether_tension": 275.6240800122407, "tether_rest_length": 50.129999999999576, "swash_collective": -0.04162269878102368, "swash_tilt_lon": 0.0062015275653315265, "swash_tilt_lat": -0.005233649368486936, "body_z_eq": [0.8484013917307439, 0.3125862449854852, 0.4272059432582967], "wind_enu": [10.0, 0.0, 0.0]}, {"t": 0.5, "pos_enu": [46.34121383526496, 14.74356456144741, 12.440656429795636], "R": [[0.5258019103641688, -0.000790752015034046, 0.8506066810040005], [-0.4946665242050925, 0.8132294155786618, 0.30653376236304003], [-0.6919807662704531, -0.5819426881994813, 0.4272064217248119]], "omega_spin": 20.17810587052491, "tether_tension": 259.4694030561243, "tether_rest_length": 50.14999999999953, "swash_collective": -0.03309784116012805, "swash_tilt_lon": 0.006623542923023843, "swash_tilt_lat": -0.005593763713543759, "body_z_eq": [0.8481312683904529, 0.3133184220935479, 0.4272059432582968], "wind_enu": [10.0, 0.0, 0.0]}, {"t": 0.55, "pos_enu": [46.355699086901815, 14.791113224896991, 12.423298565600714], "R": [[0.5259478793714764, -0.0009641383543958325, 0.8505162541785313], [-0.49461389689988616, 0.8131669033794198, 0.30678441981599075], [-0.6919074513098957, -0.5820297738823667, 0.42720653217885796]], "omega_spin": 20.179735937733785, "tether_tension": 276.72603265571337, "tether_rest_length": 50.16999999999948, "swash_collective": -0.041740583975063104, "swash_tilt_lon": 0.007034949138804372, "swash_tilt_lat": -0.005945039356866259, "body_z_eq": [0.8478671466661606, 0.3140324563623516, 0.4272059432582967], "wind_enu": [10.0, 0.0, 0.0]}, {"t": 0.6, "pos_enu": [46.367804310185186, 14.836842555429115, 12.403605629804343], "R": [[0.52610425469169, -0.0011498771110376037, 0.8504193030369959], [-0.49455746379870946, 0.8130998735952312, 0.3070529442301562], [-0.6918289009547736, -0.5821230740505384, 0.4272066226800118]], "omega_spin": 20.181192244685743, "tether_tension": 275.1270969042576, "tether_rest_length": 50.189999999999436, "swash_collective": -0.04214414944581749, "swash_tilt_lon": 0.007428983097932135, "swash_tilt_lat": -0.006282220383883221, "body_z_eq": [0.8476092359480382, 0.31472792246696524, 0.4272059432582967], "wind_enu": [10.0, 0.0, 0.0]}, {"t": 0.65, "pos_enu": [46.378763159093076, 14.881093696582347, 12.38213261672592], "R": [[0.5262712118636568, -0.0013481833555987488, 0.850315702527712], [-0.4944971502927022, 0.8130282352439926, 0.30733964444639417], [-0.6917450252195203, -0.5822226988856403, 0.427206681813811]], "omega_spin": 20.1824686607366, "tether_tension": 263.37378608152443, "tether_rest_length": 50.20999999999939, "swash_collective": -0.036227508952511644, "swash_tilt_lon": 0.007753104511163068, "swash_tilt_lat": -0.006561003536300535, "body_z_eq": [0.8473578527936133, 0.3154041080166622, 0.4272059432582968], "wind_enu": [10.0, 0.0, 0.0]}, {"t": 0.7000000000000001, "pos_enu": [46.393778678808154, 14.9254866380565, 12.360641843835197], "R": [[0.5264484832168812, -0.001558744051348351, 0.8502056015080268], [-0.4944330411122614, 0.812952087200167, 0.3076440666961952], [-0.6916559566541198, -0.5823284934071788, 0.4272066986729023]], "omega_spin": 20.18347177256775, "tether_tension": 273.1171049614754, "tether_rest_length": 50.22999999999934, "swash_collective": -0.04113133625527997, "swash_tilt_lon": 0.008057624321233177, "swash_tilt_lat": -0.006823693827102757, "body_z_eq": [0.8471133514772291, 0.3160602027997283, 0.4272059432582967], "wind_enu": [10.0, 0.0, 0.0]}, {"t": 0.75, "pos_enu": [46.40796753147563, 14.968441644408264, 12.337621386803873], "R": [[0.5266338578660955, -0.0017789390229867217, 0.8500903570356647], [-0.494365924642818, 0.8128723637665182, 0.30796242104627797], [-0.6915628043071176, -0.5824391432592645, 0.42720666204811203]], "omega_spin": 20.184293102645526, "tether_tension": 273.9633400220661, "tether_rest_length": 50.2499999999993, "swash_collective": -0.04243987401386938, "swash_tilt_lon": 0.008347208642323849, "swash_tilt_lat": -0.007074200593005287, "body_z_eq": [0.8468758595859327, 0.31669600644052437, 0.4272059432582967], "wind_enu": [10.0, 0.0, 0.0]}, {"t": 0.8, "pos_enu": [46.42118967827534, 15.009886816445439, 12.313159366219528], "R": [[0.5268270704499168, -0.0020084590575101553, 0.8499701194356013], [-0.49429588680222747, 0.8127891648214921, 0.30829425852451575], [-0.6914656998951991, -0.5825544949968166, 0.4272065615454038]], "omega_spin": 20.184949080271643, "tether_tension": 265.79518706429303, "tether_rest_length": 50.26999999999925, "swash_collective": -0.038539695132010464, "swash_tilt_lon": 0.008580818787571122, "swash_tilt_lat": -0.007277916438050233, "body_z_eq": [0.8466455500081178, 0.3173111953528277, 0.4272059432582967], "wind_enu": [10.0, 0.0, 0.0]}, {"t": 0.85, "pos_enu": [46.437090406876614, 15.05097280643885, 12.288523401295452], "R": [[0.5270279144899305, -0.002247062895786007, 0.8498450023720413], [-0.49422299215187226, 0.8127025655885631, 0.3086392293831385], [-0.6913647455409084, -0.5826744293292009, 0.42720638809484773]], "omega_spin": 20.18537896889036, "tether_tension": 270.94983742206756, "tether_rest_length": 50.2899999999992, "swash_collective": -0.041205723675052985, "swash_tilt_lon": 0.00878987666232811, "swash_tilt_lat": -0.007461231578208627, "body_z_eq": [0.8464226331244941, 0.3179053446851546, 0.4272059432582967], "wind_enu": [10.0, 0.0, 0.0]}, {"t": 0.9, "pos_enu": [46.45297087404034, 15.090826067412335, 12.26291665785121], "R": [[0.5272346769765377, -0.0024927198968848997, 0.849716059481613], [-0.49414785305949355, 0.8126132919412827, 0.30899439651398974], [-0.6912608007909455, -0.5827979273366264, 0.42720613429817883]], "omega_spin": 20.185636378253008, "tether_tension": 272.60239898545115, "tether_rest_length": 50.30999999999916, "swash_collective": -0.0427040744210852, "swash_tilt_lon": 0.008984620334605955, "swash_tilt_lat": -0.0076327431013342, "body_z_eq": [0.8462071587334058, 0.31847845539867464, 0.4272059432582967], "wind_enu": [10.0, 0.0, 0.0]}, {"t": 0.9500000000000001, "pos_enu": [46.46815919056492, 15.129222105681942, 12.236239365192743], "R": [[0.5274468385826422, -0.0027448176903426586, 0.8495836029756114], [-0.4940706501774222, 0.8125215568041456, 0.30935887309373733], [-0.6911541254325518, -0.5829246827030184, 0.42720579255570734]], "omega_spin": 20.18574584285043, "tether_tension": 267.1298423602637, "tether_rest_length": 50.32999999999911, "swash_collective": -0.04026628043957488, "swash_tilt_lon": 0.009135792688442081, "swash_tilt_lat": -0.007767772978483855, "body_z_eq": [0.8459991822784091, 0.3190305089314376, 0.4272059432582967], "wind_enu": [10.0, 0.0, 0.0]}, {"t": 1.0, "pos_enu": [46.48509327960322, 15.166945551335271, 12.2093704349262], "R": [[0.5276641823088741, -0.0030031008547177543, 0.8494477571302216], [-0.49399145470765804, 0.8124274438744447, 0.30973228942983644], [-0.6910448273333065, -0.5830545684795655, 0.4272053566974415]], "omega_spin": 20.18567089807705, "tether_tension": 269.58621645573584, "tether_rest_length": 50.34999999999906, "swash_collective": -0.04164588670715589, "swash_tilt_lon": 0.009261249578053733, "swash_tilt_lat": -0.00788128409847116, "body_z_eq": [0.8457987885627951, 0.3195614046008957, 0.4272059432582967], "wind_enu": [10.0, 0.0, 0.0]}, {"t": 1.05, "pos_enu": [46.502374855739404, 15.203550800977444, 12.18193711043099], "R": [[0.5278854201084708, -0.003266040921822938, 0.8493093171593025], [-0.4939107291642585, 0.8123315019579523, 0.3101124353249442], [-0.6909335531390363, -0.5831868173265187, 0.4272048235252408]], "omega_spin": 20.1854432072562, "tether_tension": 271.25732710340657, "tether_rest_length": 50.36999999999902, "swash_collective": -0.043014884291031244, "swash_tilt_lon": 0.00937255981076847, "swash_tilt_lat": -0.0079829881796436, "body_z_eq": [0.8456059542044527, 0.3200713237057735, 0.4272059432582967], "wind_enu": [10.0, 0.0, 0.0]}, {"t": 1.1, "pos_enu": [46.519222184931124, 15.238791418654898, 12.15379176364169], "R": [[0.5281099324642785, -0.00353290399677195, 0.849168662764898], [-0.4938286940880667, 0.8122339922613631, 0.3104982491262106], [-0.6908206135661048, -0.5833210611700193, 0.4272041894312754]], "omega_spin": 20.185088353116786, "tether_tension": 267.6983501749401, "tether_rest_length": 50.38999999999897, "swash_collective": -0.041585960789634384, "swash_tilt_lon": 0.009450480978212925, "swash_tilt_lat": -0.008056649099487272, "body_z_eq": [0.845420641099347, 0.3205604804837275, 0.4272059432582967], "wind_enu": [10.0, 0.0, 0.0]}, {"t": 1.1500000000000001, "pos_enu": [46.5371959008132, 15.2731851019545, 12.12552703401249], "R": [[0.5283374717080074, -0.003803396005429868, 0.8490259419876505], [-0.4937454350453467, 0.8121350163459263, 0.3108893060185293], [-0.6907061324188978, -0.5834571530143643, 0.42720345180639707]], "omega_spin": 20.184586953963713, "tether_tension": 268.63856369591485, "tether_rest_length": 50.409999999998924, "swash_collective": -0.04226223535488692, "swash_tilt_lon": 0.009504188523726703, "swash_tilt_lat": -0.008109925788957974, "body_z_eq": [0.845242830337228, 0.32102903265639565, 0.4272059432582968], "wind_enu": [10.0, 0.0, 0.0]}, {"t": 1.2, "pos_enu": [46.55563876901988, 15.306535334781463, 12.097009076847806], "R": [[0.528567084703643, -0.004076383597642515, 0.8488817468085043], [-0.4936612967425022, 0.812034984063016, 0.31128396803608105], [-0.6905905886025404, -0.5835945234103401, 0.4272026113907252]], "omega_spin": 20.183958420454662, "tether_tension": 270.00622513993534, "tether_rest_length": 50.42999999999888, "swash_collective": -0.04339211974947324, "swash_tilt_lon": 0.00954422278618809, "swash_tilt_lat": -0.008151661013442845, "body_z_eq": [0.8450724329913342, 0.3214773165293252, 0.4272059432582967], "wind_enu": [10.0, 0.0, 0.0]}, {"t": 1.25, "pos_enu": [46.57384665928007, 15.338631078580207, 12.068104591151506], "R": [[0.5287981562197841, -0.004351135212587455, 0.8487364594507057], [-0.4935765017622337, 0.8119341600508959, 0.31168117788952443], [-0.6904742912568961, -0.5837328047701345, 0.42720166870984916]], "omega_spin": 20.183226288689855, "tether_tension": 267.74327974251605, "tether_rest_length": 50.44999999999883, "swash_collective": -0.04262931202874339, "swash_tilt_lon": 0.009558918668498374, "swash_tilt_lat": -0.008172006935627564, "body_z_eq": [0.8449093382736131, 0.32190571933849566, 0.4272059432582968], "wind_enu": [10.0, 0.0, 0.0]}, {"t": 1.3, "pos_enu": [46.592774012545576, 15.369805241541927, 12.039204939145948], "R": [[0.5290304177083522, -0.004627329726725074, 0.8485902456185364], [-0.4934911464737283, 0.8118326595298515, 0.3120804724309624], [-0.6903573751987968, -0.5838718358854862, 0.4272006247284061]], "omega_spin": 20.182382619999547, "tether_tension": 267.8809150054865, "tether_rest_length": 50.469999999998784, "swash_collective": -0.042946567131028957, "swash_tilt_lon": 0.009552441700526482, "swash_tilt_lat": -0.008174415395746783, "body_z_eq": [0.8447534459194854, 0.3223145942273542, 0.4272059432582968], "wind_enu": [10.0, 0.0, 0.0]}, {"t": 1.35, "pos_enu": [46.61216279722632, 15.399999129431368, 12.010301487285432], "R": [[0.5292631696459358, -0.0049041327611433145, 0.8484435436363458], [-0.49340548653432886, 0.8117307874202321, 0.3124806467798469], [-0.6902401923346396, -0.5840111970125149, 0.4271994834381821]], "omega_spin": 20.181440245473024, "tether_tension": 268.86185301970966, "tether_rest_length": 50.48999999999874, "swash_collective": -0.04382949330735033, "swash_tilt_lon": 0.009533348678280255, "swash_tilt_lat": -0.00816606034767282, "body_z_eq": [0.844604611962279, 0.32270440266106853, 0.4272059432582967], "wind_enu": [10.0, 0.0, 0.0]}, {"t": 1.4000000000000001, "pos_enu": [46.63145012548821, 15.429055344697256, 11.981296330620397], "R": [[0.529495861366151, -0.005180887075954163, 0.8482966999848726], [-0.4933197241903879, 0.8116287850863724, 0.3128807519550191], [-0.6901230198456199, -0.5841505573294652, 0.42719824888549984]], "omega_spin": 20.18041957785191, "tether_tension": 267.43994063182487, "tether_rest_length": 50.50999999999869, "swash_collective": -0.04348810384653461, "swash_tilt_lon": 0.009495220982945975, "swash_tilt_lat": -0.00814151832737449, "body_z_eq": [0.8444626710925995, 0.32307565549874057, 0.42720594325829664], "wind_enu": [10.0, 0.0, 0.0]}, {"t": 1.45, "pos_enu": [46.65118962300177, 15.457184494691152, 11.952444204206115], "R": [[0.5297282247658336, -0.0054572702262873024, 0.8481498842115802], [-0.4932339584974152, 0.8115267716355945, 0.31328032351821783], [-0.6900059927793446, -0.5842897544201736, 0.42719692509216933]], "omega_spin": 20.179319928915646, "tether_tension": 267.1886926654279, "tether_rest_length": 50.529999999998644, "swash_collective": -0.043640799435052585, "swash_tilt_lon": 0.009439639725702558, "swash_tilt_lat": -0.008102078769509753, "body_z_eq": [0.8443274626996627, 0.3234288449967606, 0.4272059432582968], "wind_enu": [10.0, 0.0, 0.0]}, {"t": 1.5, "pos_enu": [46.67132177796863, 15.484398908247716, 11.923794576830621], "R": [[0.5299597499356534, -0.0057326714673175015, 0.8480034197607856], [-0.493148378530199, 0.8114249735069685, 0.3136784804895785], [-0.6898893680882284, -0.5844284805235479, 0.4271955184125434]], "omega_spin": 20.178150714734183, "tether_tension": 267.8097332607898, "tether_rest_length": 50.5499999999986, "swash_collective": -0.0443116434623195, "swash_tilt_lon": 0.0093730604067939, "swash_tilt_lat": -0.008053151435008612, "body_z_eq": [0.844198800019337, 0.3237645256829421, 0.4272059432582967], "wind_enu": [10.0, 0.0, 0.0]}, {"t": 1.55, "pos_enu": [46.69142859226987, 15.510593981592246, 11.895286141334433], "R": [[0.5301899787353362, -0.006006541819131912, 0.8478575988360305], [-0.4930631552729424, 0.8113235955589135, 0.31407443098992716], [-0.6897733768136561, -0.5845664587920958, 0.4271940354152369]], "omega_spin": 20.17692909983513, "tether_tension": 266.9108477648461, "tether_rest_length": 50.56999999999855, "swash_collective": -0.044224928357429166, "swash_tilt_lon": 0.009292423837027945, "swash_tilt_lat": -0.007992147630915882, "body_z_eq": [0.8440764791106267, 0.32408329092533733, 0.4272059432582967], "wind_enu": [10.0, 0.0, 0.0]}, {"t": 1.6, "pos_enu": [46.711809779530746, 15.535902695970359, 11.867083308975428], "R": [[0.5304186649612781, -0.006278583644074858, 0.8477125805649698], [-0.4929783820557598, 0.8112227505672461, 0.3144677468164213], [-0.6896581433481235, -0.5847035388549784, 0.4271924823356367]], "omega_spin": 20.175658649890263, "tether_tension": 266.49885790146226, "tether_rest_length": 50.589999999998504, "swash_collective": -0.04431670220451546, "swash_tilt_lon": 0.009198165487253171, "swash_tilt_lat": -0.007919405594655241, "body_z_eq": [0.8439602977326157, 0.32438572393966975, 0.4272059432582967], "wind_enu": [10.0, 0.0, 0.0]}, {"t": 1.6500000000000001, "pos_enu": [46.73249216663392, 15.56036991778572, 11.839255903358419], "R": [[0.5306454415283781, -0.006548355014435304, 0.8475686016080101], [-0.49289419762238007, 0.8111226055210452, 0.3148577913327545], [-0.6895438530908258, -0.584839497519922, 0.42719086694977715]], "omega_spin": 20.174347012878876, "tether_tension": 266.82773677420545, "tether_rest_length": 50.60999999999846, "swash_collective": -0.04482243877401065, "swash_tilt_lon": 0.009094921538252, "swash_tilt_lat": -0.007838810592801372, "body_z_eq": [0.8438500390342981, 0.32467244057142064, 0.4272059432582967], "wind_enu": [10.0, 0.0, 0.0]}, {"t": 1.7, "pos_enu": [46.75318141408039, 15.583935077060495, 11.811772262264526], "R": [[0.5308699500995384, -0.006815424680528136, 0.847425894145168], [-0.4928107382122803, 0.8110233243377128, 0.3152439431343151], [-0.6894306871498979, -0.5849741168347773, 0.42718919725268245]], "omega_spin": 20.1730083710239, "tether_tension": 266.23950719677055, "tether_rest_length": 50.62999999999841, "swash_collective": -0.044881507188681544, "swash_tilt_lon": 0.008981619614959805, "swash_tilt_lat": -0.007749452704153858, "body_z_eq": [0.8437454743229202, 0.3249440822732113, 0.4272059432582967], "wind_enu": [10.0, 0.0, 0.0]}, {"t": 1.75, "pos_enu": [46.774023611020205, 15.606683852663496, 11.784738112988984], "R": [[0.5310919825443661, -0.0070795397449237825, 0.8472845957493236], [-0.4927280848259971, 0.8109250053543405, 0.31562583879455597], [-0.6893187510149414, -0.5851072686337622, 0.42718748072847207]], "omega_spin": 20.17164847262373, "tether_tension": 265.7843236259122, "tether_rest_length": 50.649999999998364, "swash_collective": -0.0449631205910612, "swash_tilt_lon": 0.008858311133511033, "swash_tilt_lat": -0.007651358624424305, "body_z_eq": [0.8436463757863026, 0.32520128331146764, 0.4272059432582967], "wind_enu": [10.0, 0.0, 0.0]}, {"t": 1.8, "pos_enu": [46.795073228340776, 15.62867258292669, 11.758223746789724], "R": [[0.5313112815620231, -0.007340388570559814, 0.847144875909991], [-0.49264633719734546, 0.8108277692930146, 0.31600303003191726], [-0.6892081750320138, -0.5852387950562968, 0.42718572568625685]], "omega_spin": 20.170273962337298, "tether_tension": 265.8951757303448, "tether_rest_length": 50.66999999999832, "swash_collective": -0.04534847405868826, "swash_tilt_lon": 0.00872822045515361, "swash_tilt_lat": -0.007547232938454316, "body_z_eq": [0.8435525086247622, 0.3254446915186352, 0.4272059432582968], "wind_enu": [10.0, 0.0, 0.0]}, {"t": 1.85, "pos_enu": [46.81613158706068, 15.64987392086157, 11.732218079636516], "R": [[0.5315275841486204, -0.007597653092963811, 0.8470069084468027], [-0.49256559766830343, 0.810731739853461, 0.31637505904834895], [-0.6890990924988926, -0.5853685349091273, 0.42718394054030623]], "omega_spin": 20.168896419169428, "tether_tension": 265.4818502031845, "tether_rest_length": 50.68999999999827, "swash_collective": -0.04548521032216501, "swash_tilt_lon": 0.008591343077690949, "swash_tilt_lat": -0.007437070527552607, "body_z_eq": [0.8434636313707591, 0.3256749677203348, 0.4272059432582967], "wind_enu": [10.0, 0.0, 0.0]}, {"t": 1.9000000000000001, "pos_enu": [46.837256786746416, 15.670345844980512, 11.706788932223072], "R": [[0.5317407296550807, -0.007851136997842515, 0.8468708024685487], [-0.49248593077125213, 0.8106369957687098, 0.3167416440625596], [-0.6889915851577979, -0.5854963883226956, 0.42718213310346187]], "omega_spin": 20.16752238955956, "tether_tension": 265.0379821993331, "tether_rest_length": 50.709999999998224, "swash_collective": -0.04557814866874971, "swash_tilt_lon": 0.00844769222261646, "swash_tilt_lat": -0.007320875683609439, "body_z_eq": [0.8433795040049467, 0.32589276498437186, 0.4272059432582967], "wind_enu": [10.0, 0.0, 0.0]}, {"t": 1.95, "pos_enu": [46.858503213698754, 15.690145414960485, 11.681997620669378], "R": [[0.5319505472435149, -0.00810063183801156, 0.8467366739731724], [-0.49240740510958697, 0.8105436206264403, 0.3171024857282314], [-0.6888857399312079, -0.5856222492576636, 0.427180311453872]], "omega_spin": 20.166157795882164, "tether_tension": 264.996227469363, "tether_rest_length": 50.72999999999818, "swash_collective": -0.04588006670734816, "swash_tilt_lon": 0.008299470352285846, "swash_tilt_lat": -0.007200500119469944, "body_z_eq": [0.8432998846392212, 0.3260987375201953, 0.4272059432582968], "wind_enu": [10.0, 0.0, 0.0]}, {"t": 2.0, "pos_enu": [46.8797415091379, 15.709268423197837, 11.65784526021313], "R": [[0.532156859012227, -0.008345921194037396, 0.8466046438602047], [-0.49233009219826906, 0.8104517013234069, 0.31745727293297066], [-0.6887816473471726, -0.5857460076017741, 0.4271784836064399]], "omega_spin": 20.164811982633243, "tether_tension": 264.67498451934574, "tether_rest_length": 50.74999999999813, "swash_collective": -0.04605386207802412, "swash_tilt_lon": 0.008147169425894996, "swash_tilt_lat": -0.00707636192542378, "body_z_eq": [0.8432245291365539, 0.32629354193306703, 0.4272059432582967], "wind_enu": [10.0, 0.0, 0.0]}, {"t": 2.05, "pos_enu": [46.90098297188065, 15.727757189603114, 11.63437494101377], "R": [[0.5323595550474125, -0.008586869731030183, 0.8464747898301185], [-0.4922540382890378, 0.810361294631944, 0.31780581170043676], [-0.6886793636648738, -0.5858675941120667, 0.4271766569365456]], "omega_spin": 20.163491404969307, "tether_tension": 264.26303277947954, "tether_rest_length": 50.769999999998085, "swash_collective": -0.046164486614866544, "swash_tilt_lon": 0.00799088167875552, "swash_tilt_lat": -0.0069485395823708175, "body_z_eq": [0.8431531960728834, 0.3264778246632851, 0.4272059432582967], "wind_enu": [10.0, 0.0, 0.0]}, {"t": 2.1, "pos_enu": [46.922271145830294, 15.745664580983991, 11.611635385715477], "R": [[0.5325585339799331, -0.00882335244723458, 0.8463471842788491], [-0.4921792865441826, 0.8102724535913938, 0.31814792290354704], [-0.6885789408499249, -0.5859869447373157, 0.4271748386965485]], "omega_spin": 20.162201303286565, "tether_tension": 264.12050194652323, "tether_rest_length": 50.78999999999804, "swash_collective": -0.04641106711387949, "swash_tilt_lon": 0.00783210256645848, "swash_tilt_lat": -0.006818295857528691, "body_z_eq": [0.8430856456632795, 0.32665222503653674, 0.4272059432582967], "wind_enu": [10.0, 0.0, 0.0]}, {"t": 2.15, "pos_enu": [46.94352448938183, 15.763001247387757, 11.58963326438158], "R": [[0.532753690630604, -0.009055240287973497, 0.8462219021880711], [-0.49210588165754376, 0.8101852328876574, 0.3184834213092151], [-0.6884804328065705, -0.5861039933613307, 0.427173035909781]], "omega_spin": 20.160949102136765, "tether_tension": 263.84352585650254, "tether_rest_length": 50.80999999999799, "swash_collective": -0.04659911896977658, "swash_tilt_lon": 0.007671490922379117, "swash_tilt_lat": -0.006686193757390504, "body_z_eq": [0.8430216393618234, 0.3268173765461268, 0.4272059432582967], "wind_enu": [10.0, 0.0, 0.0]}, {"t": 2.2, "pos_enu": [46.96473218982909, 15.779800825785028, 11.568395045641411], "R": [[0.5329449643735718, -0.009282457536071417, 0.8460989900306838], [-0.4920338516304624, 0.810099667226482, 0.31881219865186305], [-0.6883838709604874, -0.586218700777819, 0.4271712549549904]], "omega_spin": 20.15974062471668, "tether_tension": 263.4673244270098, "tether_rest_length": 50.829999999997945, "swash_collective": -0.04672678919394577, "swash_tilt_lon": 0.00750922561962955, "swash_tilt_lat": -0.006552390439743464, "body_z_eq": [0.8429609427958789, 0.32697389951718164, 0.4272059432582968], "wind_enu": [10.0, 0.0, 0.0]}, {"t": 2.25, "pos_enu": [46.98592479124231, 15.796110191705173, 11.547956290801407], "R": [[0.5331323102203028, -0.00950494735940125, 0.8459784842269087], [-0.4919632185736175, 0.8100157842028434, 0.31913417384062714], [-0.6882892788427335, -0.5863310373142018, 0.4271695018516685]], "omega_spin": 20.158580371638745, "tether_tension": 263.2623324389098, "tether_rest_length": 50.8499999999979, "swash_collective": -0.0469381992583574, "swash_tilt_lon": 0.007346325053939053, "swash_tilt_lat": -0.006417751836873682, "body_z_eq": [0.8429033256632397, 0.32712240160319095, 0.4272059432582967], "wind_enu": [10.0, 0.0, 0.0]}, {"t": 2.3000000000000003, "pos_enu": [47.00705244588038, 15.811948571052213, 11.528324479505832], "R": [[0.5333156831611185, -0.009722653394744516, 0.8458604211720485], [-0.4918940045816179, 0.8099336112089551, 0.3194492662234179], [-0.6881966799913011, -0.5864409735386731, 0.42716778226355595]], "omega_spin": 20.15747410235417, "tether_tension": 263.00397742836765, "tether_rest_length": 50.86999999999785, "swash_collective": -0.04712874817143405, "swash_tilt_lon": 0.00718344108917708, "swash_tilt_lat": -0.006282838477975646, "body_z_eq": [0.8428485614889364, 0.32726347862360006, 0.4272059432582967], "wind_enu": [10.0, 0.0, 0.0]}, {"t": 2.35, "pos_enu": [47.028096233107064, 15.827344666778085, 11.509514342055162], "R": [[0.5334950672832938, -0.009935554290878093, 0.8457448184560913], [-0.49182622071969745, 0.8098531623680333, 0.3197574455975576], [-0.6881060832436913, -0.5865484977079292, 0.42716610122948456]], "omega_spin": 20.15642670816579, "tether_tension": 262.66018867994507, "tether_rest_length": 50.889999999997805, "swash_collective": -0.04727022393307129, "swash_tilt_lon": 0.007020805415164385, "swash_tilt_lat": -0.006147856010232547, "body_z_eq": [0.8427964293128093, 0.32739771041100435, 0.4272059432582967], "wind_enu": [10.0, 0.0, 0.0]}, {"t": 2.4, "pos_enu": [47.049075360842146, 15.842339097521966, 11.491549164203416], "R": [[0.5336704632638934, -0.01014364876764923, 0.8456316828438842], [-0.4917598716938427, 0.8097744441126772, 0.32005871063550156], [-0.688017489044688, -0.5866536082320494, 0.4271644633123878]], "omega_spin": 20.155441872859516, "tether_tension": 262.41963359627124, "tether_rest_length": 50.90999999999776, "swash_collective": -0.04746029810848741, "swash_tilt_lon": 0.006859116095018608, "swash_tilt_lat": -0.0060134039816639095, "body_z_eq": [0.8427467139123199, 0.32752566042185954, 0.4272059432582967], "wind_enu": [10.0, 0.0, 0.0]}, {"t": 2.45, "pos_enu": [47.06996030665942, 15.856955180415234, 11.474434163887398], "R": [[0.5338418744989928, -0.010346939253112695, 0.8455210191825477], [-0.4916949610714016, 0.809697461342448, 0.32035306515247747], [-0.6879308964484697, -0.5867563054145111, 0.4271628726468609]], "omega_spin": 20.154523895988024, "tether_tension": 262.16764137139717, "tether_rest_length": 50.92999999999771, "swash_collective": -0.047648105694229115, "swash_tilt_lon": 0.006698937646149707, "swash_tilt_lat": -0.005879971651888771, "body_z_eq": [0.8426992056965723, 0.327647876176781, 0.4272059432582967], "wind_enu": [10.0, 0.0, 0.0]}, {"t": 2.5, "pos_enu": [47.09073141109898, 15.871218491648037, 11.45817525849971], "R": [[0.5340093234417808, -0.010545451251567676, 0.8454128198313247], [-0.49163148507895194, 0.8096222100706677, 0.3206405461562081], [-0.6878462948626788, -0.5868566012393385, 0.42716133278364116]], "omega_spin": 20.153676599904422, "tether_tension": 261.85076960792446, "tether_rest_length": 50.949999999997665, "swash_collective": -0.04779974036312577, "swash_tilt_lon": 0.006540513839563063, "swash_tilt_lat": -0.005747777380469402, "body_z_eq": [0.8426537016473378, 0.32776488699192363, 0.4272059432582968], "wind_enu": [10.0, 0.0, 0.0]}, {"t": 2.5500000000000003, "pos_enu": [47.1113994651883, 15.885163787160375, 11.442784925084613], "R": [[0.5341728472242856, -0.010739228068681531, 0.8453070674428247], [-0.4915694342283563, 0.809548679383318, 0.3209212162527418], [-0.6877636662551413, -0.5869545167125081, 0.42715984676707675]], "omega_spin": 20.152902794628904, "tether_tension": 261.5927451190596, "tether_rest_length": 50.96999999999762, "swash_collective": -0.0479776133360403, "swash_tilt_lon": 0.006384324200631288, "swash_tilt_lat": -0.005617238678477265, "body_z_eq": [0.8426100055739596, 0.32787720346410315, 0.4272059432582967], "wind_enu": [10.0, 0.0, 0.0]}, {"t": 2.6, "pos_enu": [47.13194764855208, 15.89881544370846, 11.428264368975361], "R": [[0.5343324870665895, -0.010928318297173374, 0.8452037417832625], [-0.49150879731602987, 0.8094768561639385, 0.32119514550487216], [-0.6876829905022969, -0.5870500755422332, 0.4271584171939915]], "omega_spin": 20.152205489552188, "tether_tension": 261.34248248293227, "tether_rest_length": 50.98999999999757, "swash_collective": -0.04816105783782265, "swash_tilt_lon": 0.006230817692577845, "swash_tilt_lat": -0.005488748705703322, "body_z_eq": [0.8425679280750343, 0.32798531769598, 0.4272059432582967], "wind_enu": [10.0, 0.0, 0.0]}, {"t": 2.65, "pos_enu": [47.15235900178034, 15.912196630903374, 11.414612494192967], "R": [[0.5344882966954557, -0.011112785781889635, 0.8451028142704033], [-0.49144955821630204, 0.8094067212972891, 0.3214624258724095], [-0.6876042411333655, -0.5871433091766763, 0.42715704613697997]], "omega_spin": 20.151587408781108, "tether_tension": 261.04722414309794, "tether_rest_length": 51.009999999997525, "swash_collective": -0.04831974109239814, "swash_tilt_lon": 0.00608021709512426, "swash_tilt_lat": -0.005362509442804691, "body_z_eq": [0.8425272870349968, 0.32808970213378685, 0.4272059432582967], "wind_enu": [10.0, 0.0, 0.0]}, {"t": 2.7, "pos_enu": [47.172638818880664, 15.925336848471495, 11.401832572582371], "R": [[0.5346403415566084, -0.011292708616117067, 0.8450042484581625], [-0.49139169616266687, 0.8093382500287705, 0.32172316979469334], [-0.6875273857255503, -0.5872342563002254, 0.4271557351890657]], "omega_spin": 20.15105046741317, "tether_tension": 260.7834420511504, "tether_rest_length": 51.02999999999748, "swash_collective": -0.048491242532015144, "swash_tilt_lon": 0.005932847655955503, "swash_tilt_lat": -0.005238809327135527, "body_z_eq": [0.8424879077996897, 0.3281908092194088, 0.4272059432582967], "wind_enu": [10.0, 0.0, 0.0]}, {"t": 2.75, "pos_enu": [47.1927780920835, 15.938259599357197, 11.38992101204613], "R": [[0.5347886913963357, -0.011468170362823975, 0.8449080048284093], [-0.4913351885590795, 0.8092714152907781, 0.3219774974697382], [-0.6874523896519728, -0.58732295839835, 0.42715448552017077]], "omega_spin": 20.150596531860536, "tether_tension": 260.5342773780413, "tether_rest_length": 51.04999999999743, "swash_collective": -0.048670531179423535, "swash_tilt_lon": 0.005789041315922685, "swash_tilt_lat": -0.005117943233806606, "body_z_eq": [0.8424496231448644, 0.3282890715632564, 0.4272059432582967], "wind_enu": [10.0, 0.0, 0.0]}, {"t": 2.8000000000000003, "pos_enu": [47.21276380242167, 15.950985819900907, 11.378870896356615], "R": [[0.534933424086464, -0.011639264567494161, 0.8448140383039682], [-0.4912800095192384, 0.8092061859788622, 0.3222255434013893], [-0.6873792141474073, -0.5874094620397861, 0.4271532978501062]], "omega_spin": 20.15022726801056, "tether_tension": 260.2564074741489, "tether_rest_length": 51.069999999997385, "swash_collective": -0.048833968828675495, "swash_tilt_lon": 0.005648978428581069, "swash_tilt_lat": -0.005000077704085702, "body_z_eq": [0.8424122735037336, 0.3283849014419815, 0.4272059432582968], "wind_enu": [10.0, 0.0, 0.0]}, {"t": 2.85, "pos_enu": [47.23259815002658, 15.963540367549694, 11.368677829333988], "R": [[0.5350746261298548, -0.011806095296456562, 0.8447222979097018], [-0.4912261296659927, 0.8091425267368219, 0.32246745720974934], [-0.6873078160514139, -0.5874938191502975, 0.4271521724805258]], "omega_spin": 20.149943712956762, "tether_tension": 259.9941671157538, "tether_rest_length": 51.08999999999734, "swash_collective": -0.04900270347776138, "swash_tilt_lon": 0.005512870378395968, "swash_tilt_lat": -0.004885405224128603, "body_z_eq": [0.8423757070373699, 0.32847869069101027, 0.4272059432582968], "wind_enu": [10.0, 0.0, 0.0]}, {"t": 2.9, "pos_enu": [47.252276929952764, 15.97594472768666, 11.359333300685442], "R": [[0.5352123877551026, -0.011968771321027687, 0.8446327299522237], [-0.49117351799793874, 0.8090804001695457, 0.3227033952083812], [-0.6872381502878087, -0.587576084072993, 0.42715110934473566]], "omega_spin": 20.149746724427803, "tether_tension": 259.74729723915607, "tether_rest_length": 51.10999999999729, "swash_collective": -0.04917882515114577, "swash_tilt_lon": 0.005380942764949338, "swash_tilt_lat": -0.004774130610540463, "body_z_eq": [0.8423397795733193, 0.32857081092690005, 0.4272059432582967], "wind_enu": [10.0, 0.0, 0.0]}, {"t": 2.95, "pos_enu": [47.271791167037314, 15.988217551817561, 11.350825467226636], "R": [[0.535346804262861, -0.01212740769052116, 0.844545277145192], [-0.49112214137561994, 0.8090197662424968, 0.32293352269400877], [-0.6871701691838539, -0.5876563143637988, 0.42715010800910463]], "omega_spin": 20.149636992976983, "tether_tension": 259.48381448753435, "tether_rest_length": 51.129999999997246, "swash_collective": -0.04934550163824078, "swash_tilt_lon": 0.005253322832249026, "swash_tilt_lat": -0.004666375183058791, "body_z_eq": [0.8423043546644527, 0.3286616134538514, 0.4272059432582968], "wind_enu": [10.0, 0.0, 0.0]}, {"t": 3.0, "pos_enu": [47.29114172365815, 16.000379601249854, 11.34314366044761], "R": [[0.5354779767809709, -0.012282126574160333, 0.8444598781169977], [-0.4910719642317781, 0.8089605819584319, 0.3231580151922874], [-0.6871038220881189, -0.5877345712175621, 0.42714916770094147]], "omega_spin": 20.14961472810742, "tether_tension": 259.22747922843354, "tether_rest_length": 51.1499999999972, "swash_collective": -0.04951363088809278, "swash_tilt_lon": 0.005130134264012962, "swash_tilt_lat": -0.004562256824944002, "body_z_eq": [0.8422693035633093, 0.3287514293805685, 0.4272059432582968], "wind_enu": [10.0, 0.0, 0.0]}, {"t": 3.0500000000000003, "pos_enu": [47.310327413103515, 16.012449745197838, 11.33627475974398], "R": [[0.5356060091497888, -0.01243305355788674, 0.844376469438759], [-0.49102294976269384, 0.8089028027737676, 0.32337705309914344], [-0.6870390569458039, -0.5878109175950803, 0.4271482873511851]], "omega_spin": 20.149679906434457, "tether_tension": 258.98470032262134, "tether_rest_length": 51.16999999999715, "swash_collective": -0.04968778019561606, "swash_tilt_lon": 0.0050115113831251945, "swash_tilt_lat": -0.004461902406318121, "body_z_eq": [0.8422345051159974, 0.3288405699374699, 0.4272059432582967], "wind_enu": [10.0, 0.0, 0.0]}, {"t": 3.1, "pos_enu": [47.32934288901079, 16.02444425150244, 11.330202756604223], "R": [[0.5357310080503271, -0.012580317774591834, 0.8442949855459705], [-0.4909750598825146, 0.8088463825526759, 0.32359082187974886], [-0.6869758202344108, -0.5878854182884118, 0.4271474656100843]], "omega_spin": 20.14983235088626, "tether_tension": 258.7336462345575, "tether_rest_length": 51.189999999997106, "swash_collective": -0.04985679683175834, "swash_tilt_lon": 0.004897525819067177, "swash_tilt_lat": -0.004365385340920025, "body_z_eq": [0.8421998457108373, 0.328929326648493, 0.4272059432582967], "wind_enu": [10.0, 0.0, 0.0]}, {"t": 3.15, "pos_enu": [47.34818883641763, 16.036380251192647, 11.324911951077185], "R": [[0.5358530836149807, -0.012724052582754497, 0.8442153583453617], [-0.4909282549923228, 0.8087912733106905, 0.32379951307354476], [-0.6869140566552041, -0.5879581402636956, 0.42714670087353823]], "omega_spin": 20.150071519810762, "tether_tension": 258.4856865762423, "tether_rest_length": 51.20999999999706, "swash_collective": -0.05002557463807541, "swash_tilt_lon": 0.004788231618461981, "swash_tilt_