[{"t_sim": 0.0, "hub_pos_x": 13.888138704907744, "hub_pos_y": 47.5125017361509, "hub_pos_z": -7.115568003159232, "hub_vel_x": 0.014453909984270003, "hub_vel_y": 0.0698491992478198, "hub_vel_z": -0.03388002643531066, "tether_length": 50.00940035508884, "tether_extension": 0.03448397055138486, "tether_tension": 193.923667647385, "tether_rest_length": 49.97491638453746, "tether_slack": 0, "collective_rad": -0.19977351354218437, "collective_norm": 0.2111223327837254, "pumping_phase": "reel-out", "tension_setpoint": 0.0, "collective_from_tension_ctrl": 0.2111223327837254, "omega_rotor": 19.349310338577816, "pos_ned": [13.888138704907744, 47.5125017361509, -7.115568003159232], "R": [[-0.5049508124274625, 0.8179885402764572, 0.27553479817481413], [0.4789889542008627, -5.318750312883752e-06, 0.8778209280515447], [0.718048925061802, 0.5752345156091567, -0.3918047897480183]], "swash_collective": -0.19977351354218437, "swash_tilt_lon": 7.993259935643129e-17, "swash_tilt_lat": 4.906946506614362e-17, "body_z_eq": [0.2755433969317652, 0.8778080695616922, -0.3918275506133777], "wind_ned": [0.0, 10.0, 0.0]}, {"t_sim": 0.05, "hub_pos_x": 13.895624051715115, "hub_pos_y": 47.54016853951119, "hub_pos_z": -7.128033288562401, "hub_vel_x": 0.184184618270558, "hub_vel_y": 0.6952873747494301, "hub_vel_z": -0.3450343470550072, "tether_length": 50.0377068688163, "tether_extension": 0.042790484278889096, "tether_tension": 253.5737042476631, "tether_rest_length": 49.99491638453741, "tether_slack": 0, "collective_rad": -0.22422416750651658, "collective_norm": 0.14677850656179853, "pumping_phase": "reel-out", "tension_setpoint": 0.0, "collective_from_tension_ctrl": 0.14677850656179853, "omega_rotor": 19.3492701527212, "pos_ned": [13.895624051715115, 47.54016853951119, -7.128033288562401], "R": [[-0.505592600193143, 0.8177033378202959, 0.2752042404242394], [0.476940825219026, -0.0009158183592815564, 0.8789349296256957], [0.7189600627777114, 0.5756391340017453, -0.3895330737387904]], "swash_collective": -0.22422416750651658, "swash_tilt_lon": 0.028781096367233826, "swash_tilt_lat": 0.03217237554675048, "body_z_eq": [0.27553373637555073, 0.8778111019457714, -0.39182755061337765], "wind_ned": [0.0, 10.0, 0.0]}, {"t_sim": 0.1, "hub_pos_x": 13.900169755804068, "hub_pos_y": 47.56047859183061, "hub_pos_z": -7.1438987413921975, "hub_vel_x": 0.01304958033075736, "hub_vel_y": 0.16595136639870514, "hub_vel_z": -0.3132918358992153, "tether_length": 50.0619241646754, "tether_extension": 0.04700778013803841, "tether_tension": 267.7040105600276, "tether_rest_length": 50.014916384537365, "tether_slack": 0, "collective_rad": -0.2356116331896217, "collective_norm": 0.11681149160625877, "pumping_phase": "reel-out", "tension_setpoint": 0.0, "collective_from_tension_ctrl": 0.11681149160625877, "omega_rotor": 19.349715603818826, "pos_ned": [13.900169755804068, 47.56047859183061, -7.1438987413921975], "R": [[-0.5060660985645676, 0.8169972084716385, 0.27642840887504017], [0.47543111649162234, -0.003167161449204668, 0.8797472492482618], [0.7196265401964875, 0.5766329252114414, -0.3868231019560873]], "swash_collective": -0.2356116331896217, "swash_tilt_lon": 0.037553407931119824, "swash_tilt_lat": 0.02794930139385091, "body_z_eq": [0.2755107905985379, 0.8778183040037896, -0.3918275506133777], "wind_ned": [0.0, 10.0, 0.0]}, {"t_sim": 0.15, "hub_pos_x": 13.90140087798125, "hub_pos_y": 47.5715890120071, "hub_pos_z": -7.163881878907002, "hub_vel_x": 0.05835147054775954, "hub_vel_y": 0.35298151627782587, "hub_vel_z": -0.5014123219535276, "tether_length": 50.07516469175156, "tether_extension": 0.04024830721424166, "tether_tension": 232.88595793325345, "tether_rest_length": 50.03491638453732, "tether_slack": 0, "collective_rad": -0.216937603656948, "collective_norm": 0.16595367458697902, "pumping_phase": "reel-out", "tension_setpoint": 0.0, "collective_from_tension_ctrl": 0.16595367458697902, "omega_rotor": 19.35088157198582, "pos_ned": [13.90140087798125, 47.5715890120071, -7.163881878907002], "R": [[-0.5065388655593566, 0.8165316201840874, 0.2769377022317259], [0.47392772916712794, -0.004647815980476507, 0.8805514779574786], [0.7202852804301428, 0.5772820030506405, -0.38462267711292186]], "swash_collective": -0.216937603656948, "swash_tilt_lon": 0.02692220789471202, "swash_tilt_lat": 0.03266247356410584, "body_z_eq": [0.275476916305665, 0.8778289350226743, -0.3918275506133777], "wind_ned": [0.0, 10.0, 0.0]}, {"t_sim": 0.2, "hub_pos_x": 13.904652871822497, "hub_pos_y": 47.59128905369458, "hub_pos_z": -7.192080701555448, "hub_vel_x": 0.04913959686389543, "hub_vel_y": 0.35888604325857615, "hub_vel_z": -0.6020864626097759, "tether_length": 50.09874928496304, "tether_extension": 0.043832900425769594, "tether_tension": 253.5862239823854, "tether_rest_length": 50.05491638453727, "tether_slack": 0, "collective_rad": -0.22733065057586566, "collective_norm": 0.1386035511161431, "pumping_phase": "reel-out", "tension_setpoint": 0.0, "collective_from_tension_ctrl": 0.1386035511161431, "omega_rotor": 19.35236046586977, "pos_ned": [13.904652871822497, 47.59128905369458, -7.192080701555448], "R": [[-0.5069738446573877, 0.816097569861622, 0.27742075859470355], [0.47254509089262037, -0.0060274613646817115, 0.8812858825504818], [0.7208874100069945, 0.5778827097045308, -0.38258713506593084]], "swash_collective": -0.22733065057586566, "swash_tilt_lon": 0.03479703277305019, "swash_tilt_lat": 0.03066914009296627, "body_z_eq": [0.27543481041582896, 0.8778421474225975, -0.39182755061337765], "wind_ned": [0.0, 10.0, 0.0]}, {"t_sim": 0.25, "hub_pos_x": 13.905903793207077, "hub_pos_y": 47.60599239453294, "hub_pos_z": -7.2237022063283485, "hub_vel_x": 0.01211626522245762, "hub_vel_y": 0.26575356449950005, "hub_vel_z": -0.6734423316407862, "tether_length": 50.117844470979854, "tether_extension": 0.04292808644262891, "tether_tension": 246.76958935631566, "tether_rest_length": 50.074916384537225, "tether_slack": 0, "collective_rad": -0.22482813764424472, "collective_norm": 0.14518911146251395, "pumping_phase": "reel-out", "tension_setpoint": 0.0, "collective_from_tension_ctrl": 0.14518911146251395, "omega_rotor": 19.354302813982063, "pos_ned": [13.905903793207077, 47.60599239453294, -7.2237022063283485], "R": [[-0.5073339363757768, 0.8156341386320234, 0.27812448453786853], [0.47140236595902074, -0.007498186411974454, 0.8818863796253849], [0.7213820668478649, 0.5785194284538133, -0.3806877782800181]], "swash_collective": -0.22482813764424472, "swash_tilt_lon": 0.03426975402971918, "swash_tilt_lat": 0.030959926185041578, "body_z_eq": [0.27538349608145735, 0.8778582463395073, -0.3918275506133777], "wind_ned": [0.0, 10.0, 0.0]}, {"t_sim": 0.3, "hub_pos_x": 13.906706404828142, "hub_pos_y": 47.62062472265, "hub_pos_z": -7.260028585693265, "hub_vel_x": 0.019177039665744387, "hub_vel_y": 0.3164858512427892, "hub_vel_z": -0.7757834528418026, "tether_length": 50.137049575097365, "tether_extension": 0.04213319056018605, "tether_tension": 243.31503307535348, "tether_rest_length": 50.09491638453718, "tether_slack": 0, "collective_rad": -0.22285483938064918, "collective_norm": 0.15038200162987064, "pumping_phase": "reel-out", "tension_setpoint": 0.0, "collective_from_tension_ctrl": 0.15038200162987064, "omega_rotor": 19.356636617369166, "pos_ned": [13.906706404828142, 47.62062472265, -7.260028585693265], "R": [[-0.5076753380963175, 0.8152593661221581, 0.2785999228982037], [0.47032048295543966, -0.008685839665170569, 0.8824529446389041], [0.7218479025399689, 0.5790308473124778, -0.37902359221985404]], "swash_collective": -0.22285483938064918, "swash_tilt_lon": 0.03395238062972141, "swash_tilt_lat": 0.03174580229366253, "body_z_eq": [0.27532485790296174, 0.877876638942531, -0.3918275506133777], "wind_ned": [0.0, 10.0, 0.0]}, {"t_sim": 0.35000000000000003, "hub_pos_x": 13.907337554823233, "hub_pos_y": 47.63597135483315, "hub_pos_z": -7.300587515927187, "hub_vel_x": 0.003355363371128045, "hub_vel_y": 0.2875943332372668, "hub_vel_z": -0.8426706980016979, "tether_length": 50.15773787201926, "tether_extension": 0.04282148748212933, "tether_tension": 246.77025870684244, "tether_rest_length": 50.11491638453713, "tether_slack": 0, "collective_rad": -0.22495633796395645, "collective_norm": 0.14485174220011468, "pumping_phase": "reel-out", "tension_setpoint": 0.0, "collective_from_tension_ctrl": 0.14485174220011468, "omega_rotor": 19.3592819320059, "pos_ned": [13.907337554823233, 47.63597135483315, -7.300587515927187], "R": [[-0.507974715408581, 0.8148938226255229, 0.27912317415852866], [0.4693728402341699, -0.009842921891570145, 0.882945215593326], [0.7222539895051323, 0.5795266816423532, -0.3774890725683632]], "swash_collective": -0.22495633796395645, "swash_tilt_lon": 0.03618511351565259, "swash_tilt_lat": 0.031213911648406603, "body_z_eq": [0.2752597832516439, 0.8778970453900496, -0.3918275506133777], "wind_ned": [0.0, 10.0, 0.0]}, {"t_sim": 0.4, "hub_pos_x": 13.907189968126021, "hub_pos_y": 47.64980626373925, "hub_pos_z": -7.344322047241815, "hub_vel_x": -0.006338723338625419, "hub_vel_y": 0.2749370518668513, "hub_vel_z": -0.9080281467489721, "tether_length": 50.17723334428362, "tether_extension": 0.04231695974653604, "tether_tension": 243.72766401376632, "tether_rest_length": 50.134916384537085, "tether_slack": 0, "collective_rad": -0.22369891562543592, "collective_norm": 0.14816074835411605, "pumping_phase": "reel-out", "tension_setpoint": 0.0, "collective_from_tension_ctrl": 0.14816074835411605, "omega_rotor": 19.362244893814125, "pos_ned": [13.907189968126021, 47.64980626373925, -7.344322047241815], "R": [[-0.5082401140766303, 0.814556231404763, 0.2796249851551945], [0.46853390699775804, -0.01091008105525143, 0.8833781456006167], [0.7226119044388833, 0.5799819962818128, -0.3761022727293379]], "swash_collective": -0.22369891562543592, "swash_tilt_lon": 0.036127846129165316, "swash_tilt_lat": 0.0315554572308621, "body_z_eq": [0.27518895792497233, 0.8779192491433873, -0.3918275506133777], "wind_ned": [0.0, 10.0, 0.0]}, {"t_sim": 0.45, "hub_pos_x": 13.906796678967684, "hub_pos_y": 47.663721696400366, "hub_pos_z": -7.391303990366093, "hub_vel_x": -0.010343062263454397, "hub_vel_y": 0.2779751352686209, "hub_vel_z": -0.9686380676910019, "tether_length": 50.19720507673088, "tether_extension": 0.04228869219384279, "tether_tension": 243.68280747947102, "tether_rest_length": 50.15491638453704, "tether_slack": 0, "collective_rad": -0.2238105612849596, "collective_norm": 0.1478669439869485, "pumping_phase": "reel-out", "tension_setpoint": 0.0, "collective_from_tension_ctrl": 0.1478669439869485, "omega_rotor": 19.365469347040737, "pos_ned": [13.906796678967684, 47.663721696400366, -7.391303990366093], "R": [[-0.508481580619289, 0.8142548049570635, 0.28006355488574824], [0.46777152455633936, -0.011861783211883341, 0.8837698223594608], [0.7229358775058459, 0.5803864322185414, -0.3748537132155491]], "swash_collective": -0.2238105612849596, "swash_tilt_lon": 0.03688091341189401, "swash_tilt_lat": 0.03161715392943669, "body_z_eq": [0.2751135513076438, 0.8779428822350674, -0.3918275506133777], "wind_ned": [0.0, 10.0, 0.0]}, {"t_sim": 0.5, "hub_pos_x": 13.906075716131365, "hub_pos_y": 47.677279136858665, "hub_pos_z": -7.440965017989984, "hub_vel_x": -0.018297289727197897, "hub_vel_y": 0.26439156941007513, "hub_vel_z": -1.0167273581126315, "tether_length": 50.21723051688044, "tether_extension": 0.04231413234344927, "tether_tension": 243.61235085325754, "tether_rest_length": 50.17491638453699, "tether_slack": 0, "collective_rad": -0.22404450652430324, "collective_norm": 0.14725129862025468, "pumping_phase": "reel-out", "tension_setpoint": 0.0, "collective_from_tension_ctrl": 0.14725129862025468, "omega_rotor": 19.368923117515628, "pos_ned": [13.906075716131365, 47.677279136858665, -7.440965017989984], "R": [[-0.5086953022249662, 0.8139725541715938, 0.28049558026753657], [0.46709750811384454, -0.012751929153583882, 0.884113853650478], [0.7232212714018352, 0.5807633505639227, -0.37371770527187903]], "swash_collective": -0.22404450652430324, "swash_tilt_lon": 0.03762597249576133, "swash_tilt_lat": 0.031568139071182354, "body_z_eq": [0.27503435611568716, 0.8779676950414237, -0.39182755061337765], "wind_ned": [0.0, 10.0, 0.0]}, {"t_sim": 0.55, "hub_pos_x": 13.905041744213047, "hub_pos_y": 47.69035424979941, "hub_pos_z": -7.492918858957903, "hub_vel_x": -0.022480120853964693, "hub_vel_y": 0.26003248860208966, "hub_vel_z": -1.0606347560983653, "tether_length": 50.2370755305436, "tether_extension": 0.042159146006653714, "tether_tension": 242.67969452438143, "tether_rest_length": 50.194916384536945, "tether_slack": 0, "collective_rad": -0.22377887189252213, "collective_norm": 0.14795033712494182, "pumping_phase": "reel-out", "tension_setpoint": 0.0, "collective_from_tension_ctrl": 0.14795033712494182, "omega_rotor": 19.372579534529507, "pos_ned": [13.905041744213047, 47.69035424979941, -7.492918858957903], "R": [[-0.5088873411937637, 0.8137165988108861, 0.2808896060597212], [0.46649254489873593, -0.013558252154610782, 0.8844212115007266], [0.7234765922451414, 0.5811036659823748, -0.3726931041154394]], "swash_collective": -0.22377887189252213, "swash_tilt_lon": 0.037962372107601214, "swash_tilt_lat": 0.03168430133812001, "body_z_eq": [0.27495222891791904, 0.8779934181948001, -0.39182755061337765], "wind_ned": [0.0, 10.0, 0.0]}, {"t_sim": 0.6, "hub_pos_x": 13.903836150755824, "hub_pos_y": 47.70326003791906, "hub_pos_z": -7.546903377019613, "hub_vel_x": -0.02587751318338632, "hub_vel_y": 0.25525224938194035, "hub_vel_z": -1.0973667081481422, "tether_length": 50.257068431536894, "tether_extension": 0.04215204699999475, "tether_tension": 242.56808919673017, "tether_rest_length": 50.2149163845369, "tether_slack": 0, "collective_rad": -0.22392783371985944, "collective_norm": 0.14755833231615942, "pumping_phase": "reel-out", "tension_setpoint": 0.0, "collective_from_tension_ctrl": 0.14755833231615942, "omega_rotor": 19.376402832681045, "pos_ned": [13.903836150755824, 47.70326003791906, -7.546903377019613], "R": [[-0.5090599113048797, 0.8134836400032883, 0.281251442928332], [0.46594945928002296, -0.014291389471640487, 0.8846959124940185], [0.7237051251020143, 0.5814121805001773, -0.37176708873582004]], "swash_collective": -0.22392783371985944, "swash_tilt_lon": 0.03849779735940461, "swash_tilt_lat": 0.031684879208965455, "body_z_eq": [0.2748680269595245, 0.878019782428448, -0.3918275506133777], "wind_ned": [0.0, 10.0, 0.0]}, {"t_sim": 0.65, "hub_pos_x": 13.902460530256015, "hub_pos_y": 47.715851576306925, "hub_pos_z": -7.602543757583484, "hub_vel_x": -0.028863588788987794, "hub_vel_y": 0.2488749003380861, "hub_vel_z": -1.1273855384633935, "tether_length": 50.277026060270515, "tether_extension": 0.042109675733662755, "tether_tension": 242.21411541518466, "tether_rest_length": 50.23491638453685, "tether_slack": 0, "collective_rad": -0.22397179157448777, "collective_norm": 0.14744265375134805, "pumping_phase": "reel-out", "tension_setpoint": 0.0, "collective_from_tension_ctrl": 0.14744265375134805, "omega_rotor": 19.380365857889643, "pos_ned": [13.902460530256015, 47.715851576306925, -7.602543757583484], "R": [[-0.5092142217322373, 0.8132706493695917, 0.28158786774219263], [0.4654642984450007, -0.014961050097707198, 0.8849401978964891], [0.7239087395927302, 0.5816932334606763, -0.37093007277292595]], "swash_collective": -0.22397179157448777, "swash_tilt_lon": 0.03889120366288107, "swash_tilt_lat": 0.031703355757237615, "body_z_eq": [0.27478249530235066, 0.8780465539228172, -0.3918275506133777], "wind_ned": [0.0, 10.0, 0.0]}, {"t_sim": 0.7000000000000001, "hub_pos_x": 13.90097831992628, "hub_pos_y": 47.72819661676347, "hub_pos_z": -7.659556629514625, "hub_vel_x": -0.0302505470629319, "hub_vel_y": 0.24506861180420633, "hub_vel_z": -1.1521935692478589, "tether_length": 50.29698059255198, "tether_extension": 0.04206420801517652, "tether_tension": 241.88079920101035, "tether_rest_length": 50.254916384536806, "tether_slack": 0, "collective_rad": -0.22400853875423837, "collective_norm": 0.1473459506467412, "pumping_phase": "reel-out", "tension_setpoint": 0.0, "collective_from_tension_ctrl": 0.1473459506467412, "omega_rotor": 19.384440880709576, "pos_ned": [13.90097831992628, 47.72819661676347, -7.659556629514625], "R": [[-0.5093530722681122, 0.8130781502652163, 0.28189247831811604], [0.4650281261371761, -0.015565753953913807, 0.8851590530549823], [0.7240913545074141, 0.5819464140839267, -0.3701757440223192]], "swash_collective": -0.22400853875423837, "swash_tilt_lon": 0.03921318836224825, "swash_tilt_lat": 0.03173247448722101, "body_z_eq": [0.2746963751486322, 0.8780735003748393, -0.3918275506133777], "wind_ned": [0.0, 10.0, 0.0]}, {"t_sim": 0.75, "hub_pos_x": 13.899445084655394, "hub_pos_y": 47.740347750738565, "hub_pos_z": -7.717665592621679, "hub_vel_x": -0.030980774463649607, "hub_vel_y": 0.24089055505771162, "hub_vel_z": -1.1712394751829787, "tether_length": 50.3169672568963, "tether_extension": 0.04205087235953897, "tether_tension": 241.71222409958696, "tether_rest_length": 50.27491638453676, "tether_slack": 0, "collective_rad": -0.22413325250537963, "collective_norm": 0.14701775656479052, "pumping_phase": "reel-out", "tension_setpoint": 0.0, "collective_from_tension_ctrl": 0.14701775656479052, "omega_rotor": 19.388600797150815, "pos_ned": [13.899445084655394, 47.740347750738565, -7.717665592621679], "R": [[-0.5094778208992136, 0.8129039243361263, 0.28216938141958986], [0.464636563353329, -0.016112620524728047, 0.8853548709161962], [0.7242549371643915, 0.5821748820232217, -0.36949586294605763]], "swash_collective": -0.22413325250537963, "swash_tilt_lon": 0.03953001207199139, "swash_tilt_lat": 0.03173391321877164, "body_z_eq": [0.27461035161262737, 0.8781004073381985, -0.39182755061337765], "wind_ned": [0.0, 10.0, 0.0]}, {"t_sim": 0.8, "hub_pos_x": 13.89789525701134, "hub_pos_y": 47.75229575793651, "hub_pos_z": -7.776596167905947, "hub_vel_x": -0.03083790401230905, "hub_vel_y": 0.2372299636616813, "hub_vel_z": -1.1851944988740721, "tether_length": 50.33694578876167, "tether_extension": 0.04202940422495516, "tether_tension": 241.49700311545834, "tether_rest_length": 50.29491638453671, "tether_slack": 0, "collective_rad": -0.22423380751788832, "collective_norm": 0.14675313811082027, "pumping_phase": "reel-out", "tension_setpoint": 0.0, "collective_from_tension_ctrl": 0.14675313811082027, "omega_rotor": 19.392821178044887, "pos_ned": [13.89789525701134, 47.75229575793651, -7.776596167905947], "R": [[-0.5095899752078276, 0.8127468906869212, 0.28241910141919835], [0.46428478619094915, -0.01660516704832932, 0.8855302963416453], [0.7244016113174452, 0.582380253877172, -0.36888418970545567]], "swash_collective": -0.22423380751788832, "swash_tilt_lon": 0.03977085133121149, "swash_tilt_lat": 0.03174271800644771, "body_z_eq": [0.27452505466222454, 0.8781270779010425, -0.39182755061337765], "wind_ned": [0.0, 10.0, 0.0]}, {"t_sim": 0.85, "hub_pos_x": 13.896376319361908, "hub_pos_y": 47.76408428610396, "hub_pos_z": -7.836106073842487, "hub_vel_x": -0.029800980156205747, "hub_vel_y": 0.23435852324974724, "hub_vel_z": -1.194414016068752, "tether_length": 50.356934835586095, "tether_extension": 0.04201845104942947, "tether_tension": 241.34638706351515, "tether_rest_length": 50.314916384536666, "tether_slack": 0, "collective_rad": -0.22436349596548952, "collective_norm": 0.14641185272239607, "pumping_phase": "reel-out", "tension_setpoint": 0.0, "collective_from_tension_ctrl": 0.14641185272239607, "omega_rotor": 19.39707816035021, "pos_ned": [13.896376319361908, 47.76408428610396, -7.836106073842487], "R": [[-0.5096910151378213, 0.81260615649612, 0.28264165211868636], [0.4639680745428719, -0.017046303680109114, 0.8856878961213289], [0.7245334325569511, 0.582563865988485, -0.3683349659641258]], "swash_collective": -0.22436349596548952, "swash_tilt_lon": 0.03997496030315218, "swash_tilt_lat": 0.03174567523059349, "body_z_eq": [0.2744410748796056, 0.8781533277277083, -0.3918275506133777], "wind_ned": [0.0, 10.0, 0.0]}, {"t_sim": 0.9, "hub_pos_x": 13.894926219143052, "hub_pos_y": 47.77573504778894, "hub_pos_z": -7.89596083436933, "hub_vel_x": -0.028087188749599062, "hub_vel_y": 0.23174019465967896, "hub_vel_z": -1.1990476621097075, "tether_length": 50.37693210276353, "tether_extension": 0.042015718226913634, "tether_tension": 241.2372660659778, "tether_rest_length": 50.33491638453662, "tether_slack": 0, "collective_rad": -0.22451518147607102, "collective_norm": 0.14601268032612896, "pumping_phase": "reel-out", "tension_setpoint": 0.0, "collective_from_tension_ctrl": 0.14601268032612896, "omega_rotor": 19.401349334831927, "pos_ned": [13.894926219143052, 47.77573504778894, -7.89596083436933], "R": [[-0.5097820300316567, 0.8124804377295713, 0.2828388590055606], [0.46368294976938546, -0.017440148205666594, 0.8858295340096345], [0.7246519191653094, 0.5827275345625338, -0.36784265184003134]], "swash_collective": -0.22451518147607102, "swash_tilt_lon": 0.04014065644556258, "swash_tilt_lat": 0.031742674193463445, "body_z_eq": [0.2743589494888438, 0.8781789893954984, -0.39182755061337765], "wind_ned": [0.0, 10.0, 0.0]}, {"t_sim": 0.9500000000000001, "hub_pos_x": 13.893579692539788, "hub_pos_y": 47.787268291067555, "hub_pos_z": -7.955940872226656, "hub_vel_x": -0.025657729921163056, "hub_vel_y": 0.22969054517931498, "hub_vel_z": -1.1994786426389987, "tether_length": 50.39693195640092, "tether_extension": 0.04201557186434712, "tether_tension": 241.1438804300494, "tether_rest_length": 50.35491638453657, "tether_slack": 0, "collective_rad": -0.2246736369372682, "collective_norm": 0.14559569227034694, "pumping_phase": "reel-out", "tension_setpoint": 0.0, "collective_from_tension_ctrl": 0.14559569227034694, "omega_rotor": 19.405613673894315, "pos_ned": [13.893579692539788, 47.787268291067555, -7.955940872226656], "R": [[-0.5098641080962728, 0.812368832555976, 0.283011432926009], [0.4634259503497109, -0.01778960326875418, 0.8859570636086195], [0.7247585665707307, 0.582872550311971, -0.3674025180577285]], "swash_collective": -0.2246736369372682, "swash_tilt_lon": 0.04026108655571109, "swash_tilt_lat": 0.03173946980757669, "body_z_eq": [0.2742791679794883, 0.8782039105998108, -0.39182755061337765], "wind_ned": [0.0, 10.0, 0.0]}, {"t_sim": 1.0, "hub_pos_x": 13.892370990163132, "hub_pos_y": 47.79871208717261, "hub_pos_z": -8.015842456307803, "hub_vel_x": -0.022594052476467064, "hub_vel_y": 0.22812692410943805, "hub_vel_z": -1.1959425997557918, "tether_length": 50.416938590177416, "tether_extension": 0.04202220564089032, "tether_tension": 241.08856946430328, "tether_rest_length": 50.374916384536526, "tether_slack": 0, "collective_rad": -0.22485071813582144, "collective_norm": 0.14512968911625942, "pumping_phase": "reel-out", "tension_setpoint": 0.0, "collective_from_tension_ctrl": 0.14512968911625942, "omega_rotor": 19.40985121362404, "pos_ned": [13.892370990163132, 47.79871208717261, -8.015842456307803], "R": [[-0.5099381861617394, 0.8122703963001161, 0.28316046614689583], [0.4631940999308616, -0.018097691446654712, 0.8860720621673729], [0.7248546558333706, 0.5830002374431368, -0.36701015116469465]], "swash_collective": -0.22485071813582144, "swash_tilt_lon": 0.04034718810845888, "swash_tilt_lat": 0.031732526640414795, "body_z_eq": [0.27420217311621875, 0.8782279538016677, -0.3918275506133777], "wind_ned": [0.0, 10.0, 0.0]}, {"t_sim": 1.05, "hub_pos_x": 13.891329662240866, "hub_pos_y": 47.81008809361341, "hub_pos_z": -8.075472987071416, "hub_vel_x": -0.01896733829802239, "hub_vel_y": 0.2269934943670208, "hub_vel_z": -1.188682941534096, "tether_length": 50.436949624284196, "tether_extension": 0.04203323974771678, "tether_tension": 241.05691962578473, "tether_rest_length": 50.39491638453648, "tether_slack": 0, "collective_rad": -0.2250397721373416, "collective_norm": 0.1446321785859432, "pumping_phase": "reel-out", "tension_setpoint": 0.0, "collective_from_tension_ctrl": 0.1446321785859432, "omega_rotor": 19.41404325478467, "pos_ned": [13.891329662240866, 47.81008809361341, -8.075472987071416], "R": [[-0.5100050679039396, 0.8121842071602827, 0.2832872117687639], [0.4629848485176817, -0.01836735038327543, 0.8861758688222997], [0.7249412809016722, 0.5831118709813068, -0.36666154034111914]], "swash_collective": -0.2250397721373416, "swash_tilt_lon": 0.04039739082942847, "swash_tilt_lat": 0.03172352141360435, "body_z_eq": [0.2741283594189295, 0.8782509966647388, -0.3918275506133777], "wind_ned": [0.0, 10.0, 0.0]}, {"t_sim": 1.1, "hub_pos_x": 13.890483077254288, "hub_pos_y": 47.82141968141154, "hub_pos_z": -8.134652996300689, "hub_vel_x": -0.014813725297372843, "hub_vel_y": 0.226348306501294, "hub_vel_z": -1.177960342445008, "tether_length": 50.45696460606108, "tether_extension": 0.04204822152464516, "tether_tension": 241.04762386388862, "tether_rest_length": 50.41491638453643, "tether_slack": 0, "collective_rad": -0.22523974946169448, "collective_norm": 0.14410592246922513, "pumping_phase": "reel-out", "tension_setpoint": 0.0, "collective_from_tension_ctrl": 0.14410592246922513, "omega_rotor": 19.41817224175979, "pos_ned": [13.890483077254288, 47.82141968141154, -8.134652996300689], "R": [[-0.5100654887975603, 0.8121094510961372, 0.28339272499137375], [0.4627958672470948, -0.018601169090745173, 0.8862697003550711], [0.7250194358751462, 0.5832085698519764, -0.3663530833151219]], "swash_collective": -0.22523974946169448, "swash_tilt_lon": 0.04041381223350455, "swash_tilt_lat": 0.03171301972250629, "body_z_eq": [0.27405807581615993, 0.8782729311895391, -0.3918275506133777], "wind_ned": [0.0, 10.0, 0.0]}, {"t_sim": 1.1500000000000001, "hub_pos_x": 13.88985598663735, "hub_pos_y": 47.83273032346592, "hub_pos_z": -8.193214894990929, "hub_vel_x": -0.010197855078184364, "hub_vel_y": 0.22614969209369276, "hub_vel_z": -1.1639949317971052, "tether_length": 50.47698384801503, "tether_extension": 0.042067463478645095, "tether_tension": 241.06180844468216, "tether_rest_length": 50.434916384536386, "tether_slack": 0, "collective_rad": -0.22545158875040716, "collective_norm": 0.14354845065682334, "pumping_phase": "reel-out", "tension_setpoint": 0.0, "collective_from_tension_ctrl": 0.14354845065682334, "omega_rotor": 19.422221723868017, "pos_ned": [13.88985598663735, 47.83273032346592, -8.193214894990929], "R": [[-0.5101200841152191, 0.8120453255421526, 0.28347819853988987], [0.4626251470729099, -0.01880169086787662, 0.8863545959243838], [0.7250899758499287, 0.5832914243203374, -0.36608146803177755]], "swash_collective": -0.22545158875040716, "swash_tilt_lon": 0.040399732717721015, "swash_tilt_lat": 0.03170058855324901, "body_z_eq": [0.27399162629348534, 0.8782936634755896, -0.39182755061337765], "wind_ned": [0.0, 10.0, 0.0]}, {"t_sim": 1.2, "hub_pos_x": 13.889470156359595, "hub_pos_y": 47.84404207024473, "hub_pos_z": -8.251002125774109, "hub_vel_x": -0.005170744924648774, "hub_vel_y": 0.22639511808425422, "hub_vel_z": -1.1470109239656003, "tether_length": 50.49700645774958, "tether_extension": 0.0420900732132381, "tether_tension": 241.0945394393646, "tether_rest_length": 50.45491638453634, "tether_slack": 0, "collective_rad": -0.22567288817335676, "collective_norm": 0.14296608375432437, "pumping_phase": "reel-out", "tension_setpoint": 0.0, "collective_from_tension_ctrl": 0.14296608375432437, "omega_rotor": 19.426176362628812, "pos_ned": [13.889470156359595, 47.84404207024473, -8.251002125774109], "R": [[-0.5101694150391946, 0.8119910804423814, 0.28354479935378774], [0.46247091589700884, -0.01897128630601372, 0.8864314650582286], [0.7251536526198759, 0.5833614450560719, -0.36584368863510974]], "swash_collective": -0.22567288817335676, "swash_tilt_lon": 0.040356116403764485, "swash_tilt_lat": 0.03168685249106656, "body_z_eq": [0.2739292710828258, 0.8783131133168585, -0.39182755061337765], "wind_ned": [0.0, 10.0, 0.0]}, {"t_sim": 1.25, "hub_pos_x": 13.889344960981974, "hub_pos_y": 47.85537723832614, "hub_pos_z": -8.307869202331181, "hub_vel_x": 0.00021870791421069614, "hub_vel_y": 0.22708349676687348, "hub_vel_z": -1.1272228929043406, "tether_length": 50.51703228612166, "tether_extension": 0.04211590158536893, "tether_tension": 241.14513301418376, "tether_rest_length": 50.47491638453629, "tether_slack": 0, "collective_rad": -0.2259033334310723, "collective_norm": 0.14235964886559926, "pumping_phase": "reel-out", "tension_setpoint": 0.0, "collective_from_tension_ctrl": 0.14235964886559926, "omega_rotor": 19.430021877771463, "pos_ned": [13.889344960981974, 47.85537723832614, -8.307869202331181], "R": [[-0.5102139792660852, 0.8119460126205879, 0.2835936669797032], [0.46233160436666454, -0.019112172277575043, 0.8865011068659638], [0.725211129923702, 0.5834195724008235, -0.3656370052038317]], "swash_collective": -0.2259033334310723, "swash_tilt_lon": 0.040285223470269006, "swash_tilt_lat": 0.0316718511193971, "body_z_eq": [0.2738712284435855, 0.878331213615412, -0.3918275506133777], "wind_ned": [0.0, 10.0, 0.0]}, {"t_sim": 1.3, "hub_pos_x": 13.889497205472914, "hub_pos_y": 47.86675751276483, "hub_pos_z": -8.363680999018861, "hub_vel_x": 0.005918740054283696, "hub_vel_y": 0.22819758078443575, "hub_vel_z": -1.1048331063261105, "tether_length": 50.537061052130255, "tether_extension": 0.04214466759400892, "tether_tension": 241.2118675301228, "tether_rest_length": 50.494916384536246, "tether_slack": 0, "collective_rad": -0.22614220631329646, "collective_norm": 0.14173103601764098, "pumping_phase": "reel-out", "tension_setpoint": 0.0, "collective_from_tension_ctrl": 0.14173103601764098, "omega_rotor": 19.433745027988376, "pos_ned": [13.889497205472914, 47.86675751276483, -8.363680999018861], "R": [[-0.5102542121526982, 0.8119094509288404, 0.28362595521717976], [0.46220584147054544, -0.019226459549576892, 0.8865642127695514], [0.725262986158079, 0.5834666972035476, -0.36545890899449796]], "swash_collective": -0.22614220631329646, "swash_tilt_lon": 0.04018894381928517, "swash_tilt_lat": 0.03165565287691429, "body_z_eq": [0.27381767606027313, 0.8783479099179734, -0.3918275506133777], "wind_ned": [0.0, 10.0, 0.0]}, {"t_sim": 1.35, "hub_pos_x": 13.889941240750314, "hub_pos_y": 47.87820399090884, "hub_pos_z": -8.418312409085459, "hub_vel_x": 0.011882746865079319, "hub_vel_y": 0.22973044353159536, "hub_vel_z": -1.0800397459808502, "tether_length": 50.557092370508705, "tether_extension": 0.042175985972505714, "tether_tension": 241.2926485944724, "tether_rest_length": 50.5149163845362, "tether_slack": 0, "collective_rad": -0.22638850542470465, "collective_norm": 0.14108288046130363, "pumping_phase": "reel-out", "tension_setpoint": 0.0, "collective_from_tension_ctrl": 0.14108288046130363, "omega_rotor": 19.43733358657291, "pos_ned": [13.889941240750314, 47.87820399090884, -8.418312409085459], "R": [[-0.5102904985560434, 0.8118807648594518, 0.2836427872071762], [0.46209241684380653, -0.019316126922505217, 0.8866213879307022], [0.7253097306522741, 0.583503651138486, -0.36530710878544514]], "swash_collective": -0.22638850542470465, "swash_tilt_lon": 0.040068898233265544, "swash_tilt_lat": 0.03163843328161916, "body_z_eq": [0.2737687527709022, 0.8783631598527943, -0.39182755061337765], "wind_ned": [0.0, 10.0, 0.0]}, {"t_sim": 1.4000000000000001, "hub_pos_x": 13.890689117347458, "hub_pos_y": 47.88973735009674, "hub_pos_z": -8.4716480339536, "hub_vel_x": 0.018064783419612894, "hub_vel_y": 0.23167036720614376, "hub_vel_z": -1.0530325720216285, "tether_length": 50.577126024039345, "tether_extension": 0.042209639503191454, "tether_tension": 241.3862603047516, "tether_rest_length": 50.53491638453615, "tether_slack": 0, "collective_rad": -0.2266416886466016, "collective_norm": 0.14041660882473267, "pumping_phase": "reel-out", "tension_setpoint": 0.0, "collective_from_tension_ctrl": 0.14041660882473267, "omega_rotor": 19.44077631074652, "pos_ned": [13.890689117347458, 47.88973735009674, -8.4716480339536], "R": [[-0.5103231777091429, 0.8118593581004414, 0.2836452660588234], [0.4619902649678428, -0.019383042324085647, 0.8866731600455753], [0.7253518107565354, 0.5835312162472549, -0.3651795042129474]], "swash_collective": -0.2266416886466016, "swash_tilt_lon": 0.03992692864073554, "swash_tilt_lat": 0.03162021848921863, "body_z_eq": [0.27372456035294485, 0.8783769325522546, -0.3918275506133777], "wind_ned": [0.0, 10.0, 0.0]}, {"t_sim": 1.45, "hub_pos_x": 13.891750616316257, "hub_pos_y": 47.90137759185951, "hub_pos_z": -8.523581781079962, "hub_vel_x": 0.024420527163776476, "hub_vel_y": 0.23400370993234246, "hub_vel_z": -1.0239946420803694, "tether_length": 50.59716173619982, "tether_extension": 0.042245351663716235, "tether_tension": 241.4911354693213, "tether_rest_length": 50.55491638453611, "tether_slack": 0, "collective_rad": -0.22690103883078755, "collective_norm": 0.13973410834003283, "pumping_phase": "reel-out", "tension_setpoint": 0.0, "collective_from_tension_ctrl": 0.13973410834003283, "omega_rotor": 19.444062918625352, "pos_ned": [13.891750616316257, 47.90137759185951, -8.523581781079962], "R": [[-0.5103525484196811, 0.8118446663559704, 0.28363447257147534], [0.46189844847212685, -0.019428970449297464, 0.8867199887260484], [0.7253896191844622, 0.5835501287949836, -0.3650741672082245]], "swash_collective": -0.22690103883078755, "swash_tilt_lon": 0.03976468294544796, "swash_tilt_lat": 0.031601068594176156, "body_z_eq": [0.27368516530194825, 0.8783892080814554, -0.3918275506133777], "wind_ned": [0.0, 10.0, 0.0]}, {"t_sim": 1.5, "hub_pos_x": 13.893133370142456, "hub_pos_y": 47.913144075518886, "hub_pos_z": -8.574016574072578, "hub_vel_x": 0.030908150769510274, "hub_vel_y": 0.23671772565054774, "hub_vel_z": -0.9931033638289858, "tether_length": 50.617199256012896, "tether_extension": 0.04228287147683574, "tether_tension": 241.6058891015918, "tether_rest_length": 50.57491638453606, "tether_slack": 0, "collective_rad": -0.22716590728562866, "collective_norm": 0.13903708609045096, "pumping_phase": "reel-out", "tension_setpoint": 0.0, "collective_from_tension_ctrl": 0.13903708609045096, "omega_rotor": 19.447184062967466, "pos_ned": [13.893133370142456, 47.913144075518886, -8.574016574072578], "R": [[-0.5103788749230114, 0.8118361571810683, 0.28361145591424325], [0.46181613947338945, -0.019455574000804207, 0.8867622759016046], [0.7254235020691128, 0.5835610803795731, -0.3649893260247607]], "swash_collective": -0.22716590728562866, "swash_tilt_lon": 0.039583781916300194, "swash_tilt_lat": 0.03158102719601469, "body_z_eq": [0.2736506007161908, 0.8783999768374251, -0.3918275506133777], "wind_ned": [0.0, 10.0, 0.0]}, {"t_sim": 1.55, "hub_pos_x": 13.894842959009766, "hub_pos_y": 47.92505546577624, "hub_pos_z": -8.622864048547935, "hub_vel_x": 0.037487392648425696, "hub_vel_y": 0.23979736517798003, "hub_vel_z": -0.9605298797302605, "tether_length": 50.63723836579392, "tether_extension": 0.042321981257906316, "tether_tension": 241.72930052087875, "tether_rest_length": 50.59491638453601, "tether_slack": 0, "collective_rad": -0.22743573076489992, "collective_norm": 0.138327024302895, "pumping_phase": "reel-out", "tension_setpoint": 0.0, "collective_from_tension_ctrl": 0.138327024302895, "omega_rotor": 19.450131305279648, "pos_ned": [13.894842959009766, 47.92505546577624, -8.622864048547935], "R": [[-0.5104023908472439, 0.8118333270523669, 0.28357723551882996], [0.46174260688623187, -0.019464423471442022, 0.8868003728037276], [0.7254537644835295, 0.5835647224653053, -0.36492334851399527]], "swash_collective": -0.22743573076489992, "swash_tilt_lon": 0.03938583207475802, "swash_tilt_lat": 0.031560106842547626, "body_z_eq": [0.27362086819075804, 0.8784092389489404, -0.3918275506133776], "wind_ned": [0.0, 10.0, 0.0]}, {"t_sim": 1.6, "hub_pos_x": 13.896882999927408, "hub_pos_y": 47.93712965131401, "hub_pos_z": -8.670044258129185, "hub_vel_x": 0.04412006547836435, "hub_vel_y": 0.24322689318000582, "hub_vel_z": -0.9264398781515519, "tether_length": 50.657278843999414, "tether_extension": 0.04236245946344752, "tether_tension": 241.86013389588433, "tether_rest_length": 50.61491638453597, "tether_slack": 0, "collective_rad": -0.22770993001998913, "collective_norm": 0.13760544731581817, "pumping_phase": "reel-out", "tension_setpoint": 0.0, "collective_from_tension_ctrl": 0.13760544731581817, "omega_rotor": 19.452897090861967, "pos_ned": [13.896882999927408, 47.93712965131401, -8.670044258129185], "R": [[-0.5104233032931875, 0.8118357001848241, 0.28353279768077433], [0.46167720343128427, -0.0194570013794102, 0.8868345871295216], [0.7254806760259982, 0.5835616685516086, -0.3648747287907494]], "swash_collective": -0.22770993001998913, "swash_tilt_lon": 0.03917236273200064, "swash_tilt_lat": 0.031538323181399076, "body_z_eq": [0.2735959397330666, 0.8784170036730284, -0.39182755061337765], "wind_ned": [0.0, 10.0, 0.0]}, {"t_sim": 1.6500000000000001, "hub_pos_x": 13.899255252947832, "hub_pos_y": 47.94938371864251, "hub_pos_z": -8.715485408688135, "hub_vel_x": 0.05077002309819114, "hub_vel_y": 0.24698977478558057, "hub_vel_z": -0.8909937369096301, "tether_length": 50.677320489904304, "tether_extension": 0.04240410536838368, "tether_tension": 241.99727438224826, "tether_rest_length": 50.63491638453592, "tether_slack": 0, "collective_rad": -0.22798797917144178, "collective_norm": 0.1368737390225217, "pumping_phase": "reel-out", "tension_setpoint": 0.0, "collective_from_tension_ctrl": 0.1368737390225217, "omega_rotor": 19.455474722921103, "pos_ned": [13.899255252947832, 47.94938371864251, -8.715485408688135], "R": [[-0.5104417964223936, 0.8118428271326462, 0.2834790935824935], [0.4616193542251665, -0.019434707097121664, 0.886865189284588], [0.725504475706263, 0.5835524965187975, -0.3648420747897077]], "swash_collective": -0.22798797917144178, "swash_tilt_lon": 0.038944874237196635, "swash_tilt_lat": 0.03151567854855224, "body_z_eq": [0.2735757597001746, 0.8784232887878106, -0.3918275506133776], "wind_ned": [0.0, 10.0, 0.0]}, {"t_sim": 1.7, "hub_pos_x": 13.901959732558982, "hub_pos_y": 47.96183376221203, "hub_pos_z": -8.759123509926535, "hub_vel_x": 0.05740468828828299, "hub_vel_y": 0.25105779901455555, "hub_vel_z": -0.8543397357874626, "tether_length": 50.69736300217746, "tether_extension": 0.042446617641587636, "tether_tension": 242.13888662545637, "tether_rest_length": 50.65491638453587, "tether_slack": 0, "collective_rad": -0.22826905997864133, "collective_norm": 0.13613405268778603, "pumping_phase": "reel-out", "tension_setpoint": 0.0, "collective_from_tension_ctrl": 0.13613405268778603, "omega_rotor": 19.457858338007803, "pos_ned": [13.901959732558982, 47.96183376221203, -8.759123509926535], "R": [[-0.5104580222678424, 0.8118542842033627, 0.28341705792532873], [0.4615685853874536, -0.019398859063036376, 0.8868923977859301], [0.725525360332654, 0.5835377498394582, -0.3648241302689193]], "swash_collective": -0.22826905997864133, "swash_tilt_lon": 0.038704599240166095, "swash_tilt_lat": 0.031490380194149674, "body_z_eq": [0.2735602474440136, 0.8784281197677424, -0.3918275506133777], "wind_ned": [0.0, 10.0, 0.0]}, {"t_sim": 1.75, "hub_pos_x": 13.904995249840741, "hub_pos_y": 47.97449449385553, "hub_pos_z": -8.8009016120838, "hub_vel_x": 0.06401013710823068, "hub_vel_y": 0.2554241474333104, "hub_vel_z": -0.8166207378022609, "tether_length": 50.717405598455024, "tether_extension": 0.0424892139191968, "tether_tension": 242.28081606968104, "tether_rest_length": 50.67491638453583, "tether_slack": 0, "collective_rad": -0.22855101035958775, "collective_norm": 0.13539207800108494, "pumping_phase": "reel-out", "tension_setpoint": 0.0, "collective_from_tension_ctrl": 0.13539207800108494, "omega_rotor": 19.46004288485148, "pos_ned": [13.904995249840741, 47.97449449385553, -8.8009016120838], "R": [[-0.510472085183478, 0.8118696896735914, 0.2833475908451288], [0.461524572628915, -0.01935064434821334, 0.8869163553701135], [0.725543464658134, 0.5835179170793432, -0.36481984778689763]], "swash_collective": -0.22855101035958775, "swash_tilt_lon": 0.03845172251937346, "swash_tilt_lat": 0.03146314550933278, "body_z_eq": [0.27354