[{"t": 0.0, "pos_enu": [46.25737244775309, 14.24329447112208, 12.52976960990945], "R": [[0.5251363359076554, -2.7755575615628914e-17, 0.851018], [-0.494905872926022, 0.8135138872613554, 0.305391], [-0.6923149613093842, -0.5815457169249323, 0.427206]], "omega_spin": 20.148228081296295, "tether_tension": 259.2898454834281, "tether_rest_length": 49.949999999999996, "swash_collective": -0.03247369265856977, "swash_tilt_lon": 4.5787991262056795e-17, "swash_tilt_lat": 7.526515404082256e-17, "body_z_eq": [0.8510178869673862, 0.30539095943782274, 0.4272059432582967], "wind_enu": [10.0, 0.0, 0.0]}, {"t": 0.05, "pos_enu": [46.25890085360891, 14.293448507888732, 12.528538035237407], "R": [[0.5251386196071951, -2.718073426566167e-06, 0.8510165907915698], [-0.4949050534061956, 0.81351291186482, 0.3053949263636424], [-0.6923138149062605, -0.5815470813809046, 0.427206000414132]], "omega_spin": 20.15241173301518, "tether_tension": 235.0031989173383, "tether_rest_length": 49.96999999999995, "swash_collective": -0.016068321524318526, "swash_tilt_lon": 0.0010200705515071642, "swash_tilt_lat": -0.000857238835929048, "body_z_eq": [0.8507179161695879, 0.3062255853988409, 0.4272059432582967], "wind_enu": [10.0, 0.0, 0.0]}, {"t": 0.1, "pos_enu": [46.27727268483445, 14.348595011208698, 12.530295094623758], "R": [[0.5251506205357575, -1.6998029678290077e-05, 0.8510091850656064], [-0.4949007466028806, 0.8135077871863127, 0.30541555611060983], [-0.6923077904825429, -0.5815542498676378, 0.4272060049444758]], "omega_spin": 20.156018185540894, "tether_tension": 309.297996447987, "tether_rest_length": 49.9899999999999, "swash_collective": -0.054398895404072826, "swash_tilt_lon": 0.0018995888732170618, "swash_tilt_lat": -0.0015970953555039448, "body_z_eq": [0.8504186845321258, 0.30705560252735603, 0.4272059432582967], "wind_enu": [10.0, 0.0, 0.0]}, {"t": 0.15, "pos_enu": [46.27801050934465, 14.397961767714184, 12.523928285152152], "R": [[0.5251759692527421, -4.715174826321809e-05, 0.8509935409165189], [-0.4948916485664489, 0.813496964572407, 0.3054591225425059], [-0.6922950653432579, -0.5815693871319288, 0.4272060198720602]], "omega_spin": 20.159715497703846, "tether_tension": 270.09590984556553, "tether_rest_length": 50.009999999999856, "swash_collective": -0.03788199353392513, "swash_tilt_lon": 0.0026808026363986347, "swash_tilt_lat": -0.0022549749810035205, "body_z_eq": [0.8501208123414062, 0.3078793375151646, 0.4272059432582967], "wind_enu": [10.0, 0.0, 0.0]}, {"t": 0.2, "pos_enu": [46.2813388071144, 14.44767463789016, 12.516282782652207], "R": [[0.5252183631578813, -9.756668859235467e-05, 0.8509673724867011], [-0.49487642948227895, 0.8134788660140134, 0.3055319702686423], [-0.6922737829389666, -0.5815946962190341, 0.4272060530327742]], "omega_spin": 20.163153741968486, "tether_tension": 245.51818928821783, "tether_rest_length": 50.02999999999981, "swash_collective": -0.02326432181119859, "swash_tilt_lon": 0.0033516133621314375, "swash_tilt_lat": -0.002820633045503513, "body_z_eq": [0.8498250971658193, 0.30869464892008536, 0.4272059432582967], "wind_enu": [10.0, 0.0, 0.0]}, {"t": 0.25, "pos_enu": [46.29707377077926, 14.50069138027097, 12.510467817046921], "R": [[0.5252778814840969, -0.0001683276178841237, 0.8509306237292311], [-0.4948550559507456, 0.8134534551887324, 0.3056342268952791], [-0.6922439026987266, -0.5816302206283136, 0.42720610785767865]], "omega_spin": 20.166113986673157, "tether_tension": 292.87111597319955, "tether_rest_length": 50.04999999999976, "swash_collective": -0.04735811533803743, "swash_tilt_lon": 0.004013952240717101, "swash_tilt_lat": -0.0033797733120028437, "body_z_eq": [0.8495323386904701, 0.30949941448068913, 0.4272059432582967], "wind_enu": [10.0, 0.0, 0.0]}, {"t": 0.3, "pos_enu": [46.30291782188731, 14.549977994433652, 12.49929782364765], "R": [[0.5253522457945331, -0.00025671891570407026, 0.8508846921824392], [-0.4948283397548889, 0.8134216996653295, 0.30576197204979855], [-0.6922065674450519, -0.581674598250413, 0.42720618288926177]], "omega_spin": 20.16901632373994, "tether_tension": 274.5229328124342, "tether_rest_length": 50.069999999999716, "swash_collective": -0.040465624833398064, "swash_tilt_lon": 0.0046372834383877435, "swash_tilt_lat": -0.0039066972429990625, "body_z_eq": [0.8492429630444733, 0.3102925583449147, 0.4272059432582967], "wind_enu": [10.0, 0.0, 0.0]}, {"t": 0.35000000000000003, "pos_enu": [46.30873107753907, 14.598505292870803, 12.486200284252057], "R": [[0.5254430350490318, -0.00036461138165406256, 0.8508285910610278], [-0.4947957056276941, 0.8133829178263519, 0.3059179131889758], [-0.6921609831613269, -0.5817287698641398, 0.4272062788211428]], "omega_spin": 20.17170292621883, "tether_tension": 253.6428504853985, "tether_rest_length": 50.08999999999967, "swash_collective": -0.028872269622352845, "swash_tilt_lon": 0.00516716458776272, "swash_tilt_lat": -0.0043555621137459, "body_z_eq": [0.8489576320974332, 0.3110723725249611, 0.4272059432582968], "wind_enu": [10.0, 0.0, 0.0]}, {"t": 0.4, "pos_enu": [46.323329007122474, 14.64896036427988, 12.47404030899535], "R": [[0.5255495678453846, -0.000491192109915227, 0.850762727074801], [-0.4947573885350445, 0.8133373900367303, 0.3061008779232039], [-0.6921074903709054, -0.5817923292201139, 0.4272063908649906]], "omega_spin": 20.1739938235575, "tether_tension": 282.789395601495, "tether_rest_length": 50.10999999999962, "swash_collective": -0.04354697704958984, "swash_tilt_lon": 0.005696195453039026, "swash_tilt_lat": -0.004804291751295984, "body_z_eq": [0.848677007658071, 0.3118371669915749, 0.4272059432582967], "wind_enu": [10.0, 0.0, 0.0]}, {"t": 0.45, "pos_enu": [46.33276716044069, 14.69690195023028, 12.458345221614863], "R": [[0.5256688672088337, -0.0006329242011780166, 0.8506889259176654], [-0.49471444892368555, 0.8132863762033071, 0.3063057547657167], [-0.6920475822322596, -0.5818635023180809, 0.42720650926624837]], "omega_spin": 20.176146854456054, "tether_tension": 275.62383582615905, "tether_rest_length": 50.129999999999576, "swash_collective": -0.04162252928056017, "swash_tilt_lon": 0.006201536963338607, "swash_tilt_lat": -0.005233657278947763, "body_z_eq": [0.8484013914310924, 0.31258624579878, 0.4272059432582967], "wind_enu": [10.0, 0.0, 0.0]}, {"t": 0.5, "pos_enu": [46.34121445116365, 14.743564821870478, 12.440652918620197], "R": [[0.5258019087525201, -0.0007907500988731601, 0.8506066820020207], [-0.4946665247858843, 0.8132294162691892, 0.30653375959383283], [-0.691980767079882, -0.5819426872371153, 0.4272064217246541]], "omega_spin": 20.178105566619628, "tether_tension": 259.46812869787965, "tether_rest_length": 50.14999999999953, "swash_collective": -0.033097186003459185, "swash_tilt_lon": 0.006623553936250421, "swash_tilt_lat": -0.005593772985313658, "body_z_eq": [0.8481312679995119, 0.31331842315179814, 0.4272059432582968], "wind_enu": [10.0, 0.0, 0.0]}, {"t": 0.55, "pos_enu": [46.35569984091222, 14.791113546523931, 12.423294393671751], "R": [[0.5259478774853069, -0.0009641361118020551, 0.8505162553474552], [-0.49461389758023594, 0.8131669041883304, 0.30678441657498556], [-0.6919074522572997, -0.5820297727559341, 0.4272065321790946]], "omega_spin": 20.179735577381678, "tether_tension": 276.72468999915, "tether_rest_length": 50.16999999999948, "swash_collective": -0.041739830389597374, "swash_tilt_lon": 0.007034959948845936, "swash_tilt_lat": -0.005945048458953854, "body_z_eq": [0.8478671461731052, 0.31403245769356886, 0.4272059432582967], "wind_enu": [10.0, 0.0, 0.0]}, {"t": 0.6, "pos_enu": [46.36780537938739, 14.83684299657651, 12.403600807247114], "R": [[0.5261042525353593, -0.0011498745471054293, 0.8504193043744575], [-0.4945574645772774, 0.8130998745209643, 0.30705294052473564], [-0.6918289020380001, -0.582123072762554, 0.42720662268084847]], "omega_spin": 20.18119182106804, "tether_tension": 275.1266913193609, "tether_rest_length": 50.189999999999436, "swash_collective": -0.04214388052319175, "swash_tilt_lon": 0.007428995981741799, "swash_tilt_lat": -0.006282231233738078, "body_z_eq": [0.8476092353442201, 0.3147279240931372, 0.4272059432582968], "wind_enu": [10.0, 0.0, 0.0]}, {"t": 0.65, "pos_enu": [46.37876428722771, 14.881094178164332, 12.382127015783041], "R": [[0.5262712093757563, -0.0013481803973445167, 0.8503157040721959], [-0.49449715119193577, 0.8130282363132272, 0.307339640171038], [-0.6917450264694627, -0.5822226973993881, 0.42720668181542093]], "omega_spin": 20.18246817534591, "tether_tension": 263.3726779286892, "tether_rest_length": 50.20999999999939, "swash_collective": -0.036226915912087904, "swash_tilt_lon": 0.0077531191024274885, "swash_tilt_lat": -0.006561015826840055, "body_z_eq": [0.8473578520627563, 0.31540410998016666, 0.4272059432582968], "wind_enu": [10.0, 0.0, 0.0]}, {"t": 0.7000000000000001, "pos_enu": [46.39377995331583, 14.925487189790328, 12.360635452042416], "R": [[0.5264484804377638, -0.0015587407466471912, 0.8502056032349196], [-0.49443304211787886, 0.8129520883959592, 0.3076440619201162], [-0.691655958050553, -0.5823284917466541, 0.42720669867552213]], "omega_spin": 20.18347122130437, "tether_tension": 273.1158152586078, "tether_rest_length": 50.22999999999934, "swash_collective": -0.0411306040581304, "swash_tilt_lon": 0.008057638827239668, "swash_tilt_lat": -0.006823706048913503, "body_z_eq": [0.84711335060928, 0.3160602051260297, 0.4272059432582967], "wind_enu": [10.0, 0.0, 0.0]}, {"t": 0.75, "pos_enu": [46.407969111744784, 14.968442319041827, 12.337614218282715], "R": [[0.5266338548156195, -0.001778935395321406, 0.8500903589330367], [-0.49436592574791843, 0.8128723650807097, 0.3079624158034496], [-0.6915628058401085, -0.5824391414362124, 0.42720666205199054]], "omega_spin": 20.184292479882284, "tether_tension": 273.962789475801, "tether_rest_length": 50.2499999999993, "swash_collective": -0.042439516134159756, "swash_tilt_lon": 0.008347224900907812, "swash_tilt_lat": -0.007074214293775514, "body_z_eq": [0.8468758585738855, 0.3166960091468366, 0.4272059432582967], "wind_enu": [10.0, 0.0, 0.0]}, {"t": 0.8, "pos_enu": [46.42119138082504, 15.009887557144468, 12.313151327186146], "R": [[0.5268270670831412, -0.002008455053455766, 0.8499701215318525], [-0.49429588802340174, 0.8127891662738056, 0.308294252737686], [-0.6914657015873823, -0.5825544929843297, 0.42720656155077846]], "omega_spin": 20.184948386901983, "tether_tension": 265.7941988606426, "tether_rest_length": 50.26999999999925, "swash_collective": -0.038539141509289596, "swash_tilt_lon": 0.008580836738491374, "swash_tilt_lat": -0.007277931569058435, "body_z_eq": [0.846645548839126, 0.31731119847191647, 0.4272059432582967], "wind_enu": [10.0, 0.0, 0.0]}, {"t": 0.85, "pos_enu": [46.43709226671928, 15.05097362588569, 12.288514472414114], "R": [[0.527027910842051, -0.0022470585571448217, 0.8498450046457307], [-0.49422299347668275, 0.812702567164227, 0.30863922311271647], [-0.691364747374646, -0.5826744271482273, 0.42720638810190603]], "omega_spin": 20.185378202430652, "tether_tension": 270.9486171039725, "tether_rest_length": 50.2899999999992, "swash_collective": -0.04120501911589471, "swash_tilt_lon": 0.008789894688764524, "swash_tilt_lat": -0.007461246778711896, "body_z_eq": [0.846422631790572, 0.31790534823672056, 0.4272059432582967], "wind_enu": [10.0, 0.0, 0.0]}, {"t": 0.9, "pos_enu": [46.452973025137105, 15.090827010016202, 12.262906854825541], "R": [[0.5272346730774629, -0.002492715259125257, 0.849716061914529], [-0.49414785447737675, 0.8126132936277708, 0.30899438981125665], [-0.6912608027512515, -0.5827979250049389, 0.4272061343071196]], "omega_spin": 20.185635534319406, "tether_tension": 272.60173198967266, "tether_rest_length": 50.30999999999916, "swash_collective": -0.04270364374194644, "swash_tilt_lon": 0.008984639759755332, "swash_tilt_lat": -0.007632759485436968, "body_z_eq": [0.8462071572300773, 0.3184784593930652, 0.4272059432582968], "wind_enu": [10.0, 0.0, 0.0]}, {"t": 0.9500000000000001, "pos_enu": [46.468161508803654, 15.129223132735769, 12.236228623565085], "R": [[0.527446834404194, -0.0027448127199937162, 0.8495836055857743], [-0.4940706516989285, 0.8125215586139908, 0.30935886591026646], [-0.6911541275336411, -0.5829246802037311, 0.42720579256675384]], "omega_spin": 20.185744921955106, "tether_tension": 267.12893199294075, "tether_rest_length": 50.32999999999911, "swash_collective": -0.04026574615608366, "swash_tilt_lon": 0.00913581368114267, "swash_tilt_lat": -0.0077677906906294, "body_z_eq": [0.8459991805971872, 0.3190305133896706, 0.4272059432582967], "wind_enu": [10.0, 0.0, 0.0]}, {"t": 1.0, "pos_enu": [46.48509576659635, 15.166946664252539, 12.209358734416652], "R": [[0.5276641778801543, -0.0030030955864314294, 0.8494477598999012], [-0.4939914563225026, 0.8124274457953999, 0.3097322818156602], [-0.6910448295605967, -0.583054565830044, 0.4272053567106863]], "omega_spin": 20.185669898952778, "tether_tension": 269.58507005646646, "tether_rest_length": 50.34999999999906, "swash_collective": -0.04164521013184772, "swash_tilt_lon": 0.009261270787770823, "swash_tilt_lat": -0.007881302002730023, "body_z_eq": [0.8457987866987389, 0.31956140953458434, 0.4272059432582968], "wind_enu": [10.0, 0.0, 0.0]}, {"t": 1.05, "pos_enu": [46.50237761726249, 15.20355203470459, 12.181924467243194], "R": [[0.5278854154640783, -0.003266035396737776, 0.8493093200672561], [-0.4939107308600998, 0.8123315039753439, 0.3101124273395021], [-0.6909335554751701, -0.5831868145473995, 0.42720482354076617]], "omega_spin": 20.18544212673408, "tether_tension": 271.25657462827337, "tether_rest_length": 50.36999999999902, "swash_collective": -0.04301439761504587, "swash_tilt_lon": 0.009372582087147032, "swash_tilt_lat": -0.007983006991201662, "body_z_eq": [0.8456059521561602, 0.3200713291172179, 0.4272059432582967], "wind_enu": [10.0, 0.0, 0.0]}, {"t": 1.1, "pos_enu": [46.519225141775365, 15.2387927481154, 12.153778137504721], "R": [[0.5281099275907898, -0.0035328981990228507, 0.8491686658199101], [-0.4938286958700693, 0.812233994381298, 0.31049824074649574], [-0.6908206160178763, -0.5833210582532723, 0.42720418944921995]], "omega_spin": 20.185087191557486, "tether_tension": 267.69748525299764, "tether_rest_length": 50.38999999999897, "swash_collective": -0.0415854308845441, "swash_tilt_lon": 0.009450504612770475, "swash_tilt_lat": -0.008056669065980274, "body_z_eq": [0.8454206388630102, 0.32056048638166335, 0.4272059432582967], "wind_enu": [10.0, 0.0, 0.0]}, {"t": 1.1500000000000001, "pos_enu": [46.537199036081475, 15.273186521921982, 12.125512408100468], "R": [[0.5283374666292049, -0.0038033899634559625, 0.8490259451751873], [-0.49374543690507466, 0.8121350185583155, 0.31088929728554865], [-0.6907061349743835, -0.5834571499742469, 0.42720345182673564]], "omega_spin": 20.18458571101479, "tether_tension": 268.63748708412953, "tether_rest_length": 50.409999999998924, "swash_collective": -0.04226158312496928, "swash_tilt_lon": 0.009504212460683035, "swash_tilt_lat": -0.00810994602303305, "body_z_eq": [0.8452428279115327, 0.32102903904304986, 0.4272059432582968], "wind_enu": [10.0, 0.0, 0.0]}, {"t": 1.2, "pos_enu": [46.55564216142657, 15.306536870939054, 12.096993467818082], "R": [[0.5285670794545629, -0.004076377353221168, 0.8488817501068969], [-0.493661298667349, 0.8120349863528266, 0.3112839590101493], [-0.6905905912441468, -0.5835945202678311, 0.42720261141339005]], "omega_spin": 20.183957094080142, "tether_tension": 270.00541516712985, "tether_rest_length": 50.42999999999888, "swash_collective": -0.043391591841971486, "swash_tilt_lon": 0.009544247499273247, "swash_tilt_lat": -0.008151681913709262, "body_z_eq": [0.8450724303782097, 0.3214773233984864, 0.4272059432582968], "wind_enu": [10.0, 0.0, 0.0]}, {"t": 1.25, "pos_enu": [46.57385026136055, 15.338632715367172, 12.068087978063751], "R": [[0.5287981507984476, -0.004351128763546689, 0.8487364628614854], [-0.49357650375312523, 0.8119341624191624, 0.31168116856739303], [-0.6904742939856516, -0.5837328015241029, 0.4272016687348483]], "omega_spin": 20.18322487930099, "tether_tension": 267.7424381068578, "tether_rest_length": 50.44999999999883, "swash_collective": -0.04262877668355924, "swash_tilt_lon": 0.009558944479510062, "swash_tilt_lat": -0.008172028774838264, "body_z_eq": [0.8449093354738211, 0.32190572668713924, 0.4272059432582968], "wind_enu": [10.0, 0.0, 0.0]}, {"t": 1.3, "pos_enu": [46.59277779922132, 15.369806970388142, 12.039187311374071], "R": [[0.5290304121344355, -0.004627323096725657, 0.8485902491295951], [-0.4934911485236277, 0.8118326619681104, 0.3120804628466896], [-0.6903573780048278, -0.583871832547805, 0.4272006247555919]], "omega_spin": 20.182381127949046, "tether_tension": 267.8798991589877, "tether_rest_length": 50.469999999998784, "swash_collective": -0.04294593359371332, "swash_tilt_lon": 0.009552467830122173, "swash_tilt_lat": -0.008174437519383723, "body_z_eq": [0.8447534429355268, 0.322314602048003, 0.4272059432582967], "wind_enu": [10.0, 0.0, 0.0]}, {"t": 1.35, "pos_enu": [46.61216682360298, 15.400000967789405, 12.010282862464921], "R": [[0.5292631639520368, -0.004904125989181213, 0.8484435472273698], [-0.49340548863140127, 0.8117307899143245, 0.31248063698968115], [-0.6902401952015604, -0.5840111936027866, 0.427199483467339]], "omega_spin": 20.181438669747784, "tether_tension": 268.86100816185194, "tether_rest_length": 50.48999999999874, "swash_collective": -0.043828935843574016, "swash_tilt_lon": 0.009533375334631843, "swash_tilt_lat": -0.00816608293075124, "body_z_eq": [0.8446046087994177, 0.3227044109391307, 0.4272059432582967], "wind_enu": [10.0, 0.0, 0.0]}, {"t": 1.4000000000000001, "pos_enu": [46.63145436507865, 15.429057283151405, 11.98127670293997], "R": [[0.5294958555580446, -0.005180880169164983, 0.8482967036523998], [-0.4933197263326321, 0.8116287876338195, 0.312880741969133], [-0.6901230227705433, -0.584150553851258, 0.42719824891649255]], "omega_spin": 20.180417919071086, "tether_tension": 267.43910868953225, "tether_rest_length": 50.50999999999869, "swash_collective": -0.04348755740936045, "swash_tilt_lon": 0.009495248456658457, "swash_tilt_lat": -0.008141541615870131, "body_z_eq": [0.844462667755776, 0.32307566422060774, 0.4272059432582968], "wind_enu": [10.0, 0.0, 0.0]}, {"t": 1.45, "pos_enu": [46.651194048961536, 15.457186523447044, 11.952423570572368], "R": [[0.5297282188600758, -0.005457263204705275, 0.8481498879453125], [-0.4932339606788352, 0.8115267742291375, 0.31328031336539686], [-0.6900059957539509, -0.5842897508835553, 0.42719692512474017]], "omega_spin": 20.17931818799886, "tether_tension": 267.187726722966, "tether_rest_length": 50.529999999998644, "swash_collective": -0.04364017841785815, "swash_tilt_lon": 0.009439667469160182, "swash_tilt_lat": -0.008102102303793374, "body_z_eq": [0.8443274591950438, 0.32342885414574685, 0.4272059432582967], "wind_enu": [10.0, 0.0, 0.0]}, {"t": 1.5, "pos_enu": [46.67132642623543, 15.484401037955141, 11.923772956552208], "R": [[0.5299597439607501, -0.005732664365164006, 0.8480034235428134], [-0.4931483807403447, 0.8114249761340594, 0.31367847021913514], [-0.6898893710981726, -0.5844284769457401, 0.42719551844635545]], "omega_spin": 20.178148891570988, "tether_tension": 267.8088703154473, "tether_rest_length": 50.5499999999986, "swash_collective": -0.044311064950075064, "swash_tilt_lon": 0.00937308846045048, "swash_tilt_lat": -0.00805317524885944, "body_z_eq": [0.8441987963553048, 0.3237645352367109, 0.4272059432582967], "wind_enu": [10.0, 0.0, 0.0]}, {"t": 1.55, "pos_enu": [46.6914334492035, 15.510596206447751, 11.89526354028245], "R": [[0.5301899727013931, -0.006006534648762467, 0.8478576026600276], [-0.493063157508127, 0.811323598215044, 0.3140744206195557], [-0.6897733798538558, -0.5845664551793128, 0.42719403545002943]], "omega_spin": 20.176927195361127, "tether_tension": 266.91001822008064, "tether_rest_length": 50.56999999999855, "swash_collective": -0.04422436814093105, "swash_tilt_lon": 0.009292452429814656, "swash_tilt_lat": -0.007992171917834485, "body_z_eq": [0.844076475295732, 0.3240833008612482, 0.4272059432582967], "wind_enu": [10.0, 0.0, 0.0]}, {"t": 1.6, "pos_enu": [46.7118148200099, 15.535905006177254, 11.86705973186361], "R": [[0.5304186588822875, -0.006278576422525211, 0.8477125844221157], [-0.49297838431083485, 0.8112227532461455, 0.3144677363705567], [-0.6896581464115348, -0.5847035352157964, 0.4271924823710687]], "omega_spin": 20.175656665501883, "tether_tension": 266.4979311967072, "tether_rest_length": 50.589999999998504, "swash_collective": -0.044316087953351416, "swash_tilt_lon": 0.009198194249839692, "swash_tilt_lat": -0.007919430044699501, "body_z_eq": [0.8439602937762859, 0.32438573423292516, 0.4272059432582967], "wind_enu": [10.0, 0.0, 0.0]}, {"t": 1.6500000000000001, "pos_enu": [46.73249741192811, 15.56037231869764, 11.83923137176723], "R": [[0.5306454354279941, -0.006548347770212789, 0.8475686054833055], [-0.49289419988858046, 0.8111226082121482, 0.3148577808524314], [-0.689543856165531, -0.5848394938687042, 0.4271908669854343]], "omega_spin": 20.174344949248237, "tether_tension": 266.82686732201, "tether_rest_length": 50.60999999999846, "swash_collective": -0.044821844971145254, "swash_tilt_lon": 0.009094950418358, "swash_tilt_lat": -0.007838835161566228, "body_z_eq": [0.8438500349476399, 0.3246724511929769, 0.4272059432582967], "wind_enu": [10.0, 0.0, 0.0]}, {"t": 1.7, "pos_enu": [46.75318685767246, 15.58393756472917, 11.811746791003582], "R": [[0.5308699439893909, -0.0068154174278365525, 0.8474258980311999], [-0.4928107404852707, 0.8110233270357239, 0.315243932639891], [-0.6894306902300333, -0.5849741131786852, 0.4271891972882156]], "omega_spin": 20.173006229465223, "tether_tension": 266.2386769364067, "tether_rest_length": 50.62999999999841, "swash_collective": -0.04488093239769597, "swash_tilt_lon": 0.008981648772737374, "swash_tilt_lat": -0.007749477526714319, "body_z_eq": [0.8437454701174244, 0.3249440931931453, 0.4272059432582967], "wind_enu": [10.0, 0.0, 0.0]}, {"t": 1.75, "pos_enu": [46.774029231030305, 15.606686417897087, 11.784711714139705], "R": [[0.531091976436052, -0.007079532497964711, 0.8472845996386686], [-0.4927280871014334, 0.8109250080539386, 0.3156258283063692], [-0.689318754094657, -0.5851072649799601, 0.42718748076349267]], "omega_spin": 20.171646254948303, "tether_tension": 265.783426816599, "tether_rest_length": 50.649999999998364, "swash_collective": -0.04496250824719464, "swash_tilt_lon": 0.008858340327528158, "swash_tilt_lat": -0.007651383498002968, "body_z_eq": [0.84364637147408, 0.32520129449835766, 0.4272059432582967], "wind_enu": [10.0, 0.0, 0.0]}, {"t": 1.8, "pos_enu": [46.79507903539227, 15.628675227175663, 11.75819644456751], "R": [[0.5313112754741623, -0.0073403813518664, 0.8471448797907173], [-0.4926463394682422, 0.8108277719857453, 0.3160030195823671], [-0.6892081781019146, -0.5852387914161545, 0.4271857257203212]], "omega_spin": 20.170271669884404, "tether_tension": 265.8943071718374, "tether_rest_length": 50.66999999999832, "swash_collective": -0.04534786857458064, "swash_tilt_lon": 0.00872824959169244, "swash_tilt_lat": -0.007547257783570128, "body_z_eq": [0.8435525042191182, 0.32544470293806205, 0.4272059432582967], "wind_enu": [10.0, 0.0, 0.0]}, {"t": 1.85, "pos_enu": [46.816137578002504, 15.649876640915346, 11.732189895629157], "R": [[0.531527578092288, -0.0075976459160782385, 0.8470069123117481], [-0.49256559993046173, 0.8107317425341898, 0.31637504865684407], [-0.6890990955533837, -0.5853685312894857, 0.42718394057302556]], "omega_spin": 20.168894053653588, "tether_tension": 265.4810186253927, "tether_rest_length": 50.68999999999827, "swash_collective": -0.045484621234035086, "swash_tilt_lon": 0.008591372255194647, "swash_tilt_lat": -0.007437095426858307, "body_z_eq": [0.8434636268854077, 0.32567497933691913, 0.4272059432582967], "wind_enu": [10.0, 0.0, 0.0]}, {"t": 1.9000000000000001, "pos_enu": [46.83726294326318, 15.670348632479444, 11.706759885009415], "R": [[0.5317407236394078, -0.007851129874010902, 0.8468708063117661], [-0.49248593302118177, 0.8106369984331386, 0.31674163374518205], [-0.688991588192262, -0.5854963847292414, 0.4271821331344419]], "omega_spin": 20.167519953157715, "tether_tension": 265.0371077338321, "tether_rest_length": 50.709999999998224, "swash_collective": -0.045577534423963596, "swash_tilt_lon": 0.008447721286191956, "swash_tilt_lat": -0.007320900506661894, "body_z_eq": [0.8433794994540093, 0.32589277676176537, 0.4272059432582968], "wind_enu": [10.0, 0.0, 0.0]}, {"t": 1.95, "pos_enu": [46.85850953907412, 15.690148268636467, 11.681967737184296], "R": [[0.5319505412822368, -0.008100624783929764, 0.8467366777857483], [-0.49240740734205823, 0.8105436232682122, 0.31710247550895926], [-0.6888857429387027, -0.5856222456988355, 0.42718031148268526]], "omega_spin": 20.16615529049135, "tether_tension": 264.9953641309388, "tether_rest_length": 50.72999999999818, "swash_collective": -0.04587945160777654, "swash_tilt_lon": 0.008299499198296244, "swash_tilt_lat": -0.007200524778195934, "body_z_eq": [0.843299880037597, 0.3260987494201156, 0.4272059432582967], "wind_enu": [10.0, 0.0, 0.0]}, {"t": 2.0, "pos_enu": [46.87974800131241, 15.7092713399443, 11.657814567112522], "R": [[0.5321568531144777, -0.008345914220900657, 0.8466046476361406], [-0.492330094409756, 0.8104517039382015, 0.31745726282784387], [-0.6887816503230737, -0.5857460040832404, 0.4271784836327079]], "omega_spin": 20.16480941035657, "tether_tension": 264.67415235197495, "tether_rest_length": 50.74999999999813, "swash_collective": -0.046053259482718434, "swash_tilt_lon": 0.008147198104622375, "swash_tilt_lat": -0.007076386461521136, "body_z_eq": [0.8432245244994541, 0.32629355391649795, 0.4272059432582967], "wind_enu": [10.0, 0.0, 0.0]}, {"t": 2.05, "pos_enu": [46.900989615792255, 15.727760161912595, 11.634343462282748], "R": [[0.5323595492196987, -0.008586862846907153, 0.8464747935650816], [-0.4922540404769887, 0.810361297216599, 0.3178058017209726], [-0.6886793666058817, -0.5858675906379185, 0.4271766569599071]], "omega_spin": 20.16348876830275, "tether_tension": 264.2621749404865, "tether_rest_length": 50.769999999998085, "swash_collective": -0.04616386767261747, "swash_tilt_lon": 0.007990910091170906, "swash_tilt_lat": -0.00694856391195971, "body_z_eq": [0.8431531914157349, 0.32647783669071634, 0.4272059432582967], "wind_enu": [10.0, 0.0, 0.0]}, {"t": 2.1, "pos_enu": [46.92227793997294, 15.745667605818156, 11.611603150832343], "R": [[0.5325585282314266, -0.008823345663332892, 0.8463471879667834], [-0.49217928870503425, 0.8102724561415559, 0.3181479130658205], [-0.6885789437513925, -0.585986941313231, 0.4271748387166322]], "omega_spin": 20.16219860458127, "tether_tension": 264.1196460675196, "tether_rest_length": 50.78999999999804, "swash_collective": -0.04641044344202951, "swash_tilt_lon": 0.007832130616129489, "swash_tilt_lat": -0.006818319898349478, "body_z_eq": [0.8430856410019357, 0.326652237067411, 0.4272059432582967], "wind_enu": [10.0, 0.0, 0.0]}, {"t": 2.15, "pos_enu": [46.9435314315545, 15.763004321449133, 11.589600303691268], "R": [[0.5327536849676943, -0.009055233612156457, 0.8462219058246905], [-0.4921058837887683, 0.8101852354002175, 0.3184834116244824], [-0.6884804356652541, -0.5861039899913018, 0.42717303592626055]], "omega_spin": 20.16094634384677, "tether_tension": 263.8426943967839, "tether_rest_length": 50.80999999999799, "swash_collective": -0.046598503824487644, "swash_tilt_lon": 0.007671518626235583, "swash_tilt_lat": -0.006686217522723085, "body_z_eq": [0.8430216347122913, 0.3268173885395404, 0.4272059432582967], "wind_enu": [10.0, 0.0, 0.0]}, {"t": 2.2, "pos_enu": [46.96473926764799, 15.779803942345549, 11.56836138736719], "R": [[0.5329449588000078, -0.009282450973047472, 0.8460989936133896], [-0.49203385373051933, 0.8100996696995101, 0.31881218912682474], [-0.6883838737744746, -0.5862186974642466, 0.4271712549675721]], "omega_spin": 20.15973780960721, "tether_tension": 263.4664791450495, "tether_rest_length": 50.829999999997945, "swash_collective": -0.046726163632517415, "swash_tilt_lon": 0.007509252913608525, "swash_tilt_lat": -0.006552413874763301, "body_z_eq": [0.8429609381741988, 0.32697391143218674, 0.4272059432582967], "wind_enu": [10.0, 0.0, 0.0]}, {"t": 2.25, "pos_enu": [46.98593200027497, 15.79611334668025, 11.547921966578393], "R": [[0.533132304741098, -0.009504940915347433, 0.8459784877522836], [-0.49196322064048675, 0.8100157866338522, 0.31913416448412557], [-0.6882892816094732, -0.586331034060229, 0.42716950186006697]], "omega_spin": 20.15857750241656, "tether_tension": 263.2614849592967, "tether_rest_length": 50.8499999999979, "swash_collective": -0.04693756744040132, "swash_tilt_lon": 0.007346351856561393, "swash_tilt_lat": -0.006417774871686897, "body_z_eq": [0.8429033210855882, 0.3271224133985243, 0.4272059432582967], "wind_enu": [10.0, 0.0, 0.0]}, {"t": 2.3000000000000003, "pos_enu": [47.00705978323371, 15.811951760877232, 11.528289522225936], "R": [[0.5333156777795655, -0.009722647073753893, 0.8458604246377778], [-0.4918940066139238, 0.8099336135962394, 0.3194492570413004], [-0.6881966827091099, -0.5864409703463918, 0.4271677822675286]], "omega_spin": 20.1574711817678, "tether_tension": 263.0031481033178, "tether_rest_length": 50.86999999999785, "swash_collective": -0.04712812141351338, "swash_tilt_lon": 0.007183467397178928, "swash_tilt_lat": -0.006282861108599637, "body_z_eq": [0.8428485569714615, 0.32726349025810075, 0.4272059432582967], "wind_enu": [10.0, 0.0, 0.0]}, {"t": 2.35, "pos_enu": [47.02810368845668, 15.827347885406999, 11.509478783026534], "R": [[0.533495062000346, -0.009935548094238394, 0.8457448218613666], [-0.49182622271694754, 0.8098531647109449, 0.31975743659162437], [-0.6881060859120683, -0.5865484945780142, 0.4271661012288296]], "omega_spin": 20.15642373919436, "tether_tension": 262.65935324733465, "tether_rest_length": 50.889999999997805, "swash_collective": -0.047269590534638875, "swash_tilt_lon": 0.007020831186293758, "swash_tilt_lat": -0.006147878199922397, "body_z_eq": [0.8427964248715211, 0.3273977218438938, 0.4272059432582968], "wind_enu": [10.0, 0.0, 0.0]}, {"t": 2.4, "pos_enu": [47.04908292812586, 15.84234234035515, 11.491513036682564], "R": [[0.5336704580808482, -0.010143642697022297, 0.8456316861876767], [-0.49175987365541546, 0.8097744464104285, 0.32005870180811136], [-0.6880174916629576, -0.5866536051653646, 0.4271644633069248]], "omega_spin": 20.15543885847175, "tether_tension": 262.4187947369588, "tether_rest_length": 50.90999999999776, "swash_collective": -0.04745965824595196, "swash_tilt_lon": 0.006859141265026392, "swash_tilt_lat": -0.006013425674865216, "body_z_eq": [0.8427467095631259, 0.3275256716126436, 0.4272059432582967], "wind_enu": [10.0, 0.0, 0.0]}, {"t": 2.45, "pos_enu": [47.06996798215486, 15.85695844367195, 11.474397502340974], "R": [[0.5338418694160229, -0.010346933308783545, 0.8455210224645573], [-0.49169496299710297, 0.8096974635947746, 0.3203530565040165], [-0.6879308990165245, -0.5867563024112245, 0.42716287263645053]], "omega_spin": 20.154520839158337, "tether_tension": 262.1668155181797, "tether_rest_length": 50.92999999999771, "swash_collective": -0.047647468159122096, "swash_tilt_lon": 0.006698962201898367, "swash_tilt_lat": -0.0058799928361249814, "body_z_eq": [0.8426992014551743, 0.32764788708551207, 0.4272059432582967], "wind_enu": [10.0, 0.0, 0.0]}, {"t": 2.5, "pos_enu": [47.09073918599305, 15.871221769877467, 11.458138096236372], "R": [[0.5340093184571267, -0.010545445431498058, 0.8454128230525048], [-0.4916314869693236, 0.8096222122781902, 0.320640537683713], [-0.687846297381389, -0.586856598298443, 0.42716133276818674]], "omega_spin": 20.15367350376511, "tether_tension": 261.8499423766093, "tether_rest_length": 50.949999999997665, "swash_collective": -0.04779909844608782, "swash_tilt_lon": 0.006540537752947543, "swash_tilt_lat": -0.005747798030722029, "body_z_eq": [0.8426536975291427, 0.32776489757942856, 0.4272059432582968], "wind_enu": [10.0, 0.0, 0.0]}, {"t": 2.5500000000000003, "pos_enu": [47.111407332650266, 15.885167075624274, 11.442747296358645], "R": [[0.534172842335995, -0.010739222370568775, 0.8453070706042624], [-0.49156943608401826, 0.8095486815467624, 0.32092120795288426], [-0.6877636687254746, -0.5869545138328639, 0.42715984674651036]], "omega_spin": 20.152899662321893, "tether_tension": 261.5919147772378, "tether_rest_length": 50.96999999999762, "swash_collective": -0.04797696540037806, "swash_tilt_lon": 0.006384347424096753, "swash_tilt_lat": -0.00561725875315564, "body_z_eq": [0.8426100015940782, 0.3278772136919804, 0.4272059432582967], "wind_enu": [10.0, 0.0, 0.0]}, {"t": 2.6, "pos_enu": [47.13195560411785, 15.898818738523504, 11.428226308981703], "R": [[0.5343324822719153, -0.010928312717733757, 0.8452037448865667], [-0.4915087991379094, 0.8094768582844108, 0.32119513737292116], [-0.6876829929256237, -0.5870500727222023, 0.42715841716828407]], "omega_spin": 20.152202324202733, "tether_tension": 261.3416612666039, "tether_rest_length": 50.98999999999757, "swash_collective": -0.04816041023960897, "swash_tilt_lon": 0.006230840210451684, "swash_tilt_lat": -0.005488768190097439, "body_z_eq": [0.8425679242482141, 0.32798532752677334, 0.4272059432582967], "wind_enu": [10.0, 0.0, 0.0]}, {"t": 2.65, "pos_enu": [47.15236703771695, 15.912199927151484, 11.414574037254061], "R": [[0.534488291990128, -0.011112780316003287, 0.8451028173181795], [-0.4914495600059119, 0.8094067233766004, 0.32146241790098934], [-0.6876042435118268, -0.5871433064136925, 0.4271570461061432]], "omega_spin": 20.151584213610246, "tether_tension": 261.04640425014486, "tether_rest_length": 51.009999999997525, "swash_collective": -0.048319090366103434, "swash_tilt_lon": 0.006080238889323063, "swash_tilt_lat": -0.005362528320244337, "body_z_eq": [0.8425272833755526, 0.3280897115311608, 0.4272059432582968], "wind_enu": [10.0, 0.0, 0.0]}, {"t": 2.7, "pos_enu": [47.17264692813416, 15.925340141533855, 11.401793753291239], "R": [[0.534640336935904, -0.011292703258095374, 0.8450042514533213], [-0.49139169792169984, 0.8093382520689587, 0.32172316197561956], [-0.6875273880615173, -0.5872342535914323, 0.4271557351531426]], "omega_spin": 20.151047245652585, "tether_tension": 260.7826200472415, "tether_rest_length": 51.02999999999748, "swash_collective": -0.04849058648360072, "swash_tilt_lon": 0.005932868693894579, "swash_tilt_lat": -0.005238827568614245, "body_z_eq": [0.8424879043214886, 0.3281908181481854, 0.4272059432582967], "wind_enu": [10.0, 0.0, 0.0]}, {"t": 2.75, "pos_enu": [47.19278626963798, 15.93826288538162, 11.389881865579234], "R": [[0.5347886868549323, -0.011468165106234371, 0.8449080077742624], [-0.49133519028946493, 0.8092714172941738, 0.32197748979376417], [-0.6874523919481207, -0.5873229557405147, 0.42715448547923873]], "omega_spin": 20.150593286709626, "tether_tension": 260.533461786022, "tether_rest_length": 51.04999999999743, "swash_collective": -0.04866987412412754, "swash_tilt_lon": 0.005789061584139784, "swash_tilt_lat": -0.005117960826458553, "body_z_eq": [0.8424496198612783, 0.32828907998953716, 0.4272059432582968], "wind_enu": [10.0, 0.0, 0.0]}, {"t": 2.8000000000000003, "pos_enu": [47.212772041315574, 15.950989094464887, 11.378831457173769], "R": [[0.5349334196178845, -0.011639259404509028, 0.8448140412045896], [-0.49128001122335435, 0.8092061879483382, 0.3222255358572602], [-0.6873792164069964, -0.5874094594289683, 0.42715329780427896]], "omega_spin": 20.150224002713347, "tether_tension": 260.25559461316, "tether_rest_length": 51.069999999997385, "swash_collective": -0.0488333092765109, "swash_tilt_lon": 0.005648997916943331, "swash_tilt_lat": -0.0050000946379283135, "body_z_eq": [0.8424122704275894, 0.32838490933327436, 0.4272059432582967], "wind_enu": [10.0, 0.0, 0.0]}, {"t": 2.85, "pos_enu": [47.232606443311845, 15.963543626324812, 11.36863813171466], "R": [[0.5350746217270947, -0.011806090218596268, 0.8447223007695225], [-0.49122613134642795, 0.8091425286755111, 0.3224674497852778], [-0.6873078182779734, -0.5874938165822254, 0.4271521724299464]], "omega_spin": 20.149940430757212, "tether_tension": 259.99335333233796, "tether_rest_length": 51.08999999999734, "swash_collective": -0.049002039330121094, "swash_tilt_lon": 0.005512889067245975, "swash_tilt_lat": -0.004885421481091874, "body_z_eq": [0.8423757041809319, 0.3284786980162762, 0.4272059432582967], "wind_enu": [10.0, 0.0, 0.0]}, {"t": 2.9, "pos_enu": [47.252285272279764, 15.975947966980101, 11.35929337912667], "R": [[0.5352123834106957, -0.011968766319238884, 0.8446327327759899], [-0.491173519657468, 0.8090804020808119, 0.3227033878905609], [-0.6872381524851023, -0.5875760815431027, 0.4271511092895772]], "omega_spin": 20.149743428524946, "tether_tension": 259.7464881102716, "tether_rest_length": 51.10999999999729, "swash_collective": -0.0491781591628058, "swash_tilt_lon": 0.005380960645762998, "swash_tilt_lat": -0.004774146181970217, "body_z_eq": [0.8423397769482559, 0.32857081765663776, 0.4272059432582967], "wind_enu": [10.0, 0.0, 0.0]}, {"t": 2.95, "pos_enu": [47.27179955201523, 15.988220767685505, 11.350785355562707], "R": [[0.5353467999685015, -0.012127402754735455, 0.8445452799382095], [-0.4911221430173482, 0.8090197681301025, 0.3229335154683723], [-0.6871701713560711, -0.5876563118670121, 0.4271501079495695]], "omega_spin": 20.149633686573353, "tether_tension": 259.48300873125623, "tether_rest_length": 51.129999999997246, "swash_collective": -0.049344833429062436, "swash_tilt_lon": 0.005253339901818975, "swash_tilt_lat": -0.004666390064869015, "body_z_eq": [0.8423043522818017, 0.32866161956018464, 0.4272059432582967], "wind_enu": [10.0, 0.0, 0.0]}, {"t": 3.0, "pos_enu": [47.29115014463346, 16.000382789762917, 11.3431033920302], "R": [[0.5354779725278642, -0.012282121693712095, 0.8444598808849054], [-0.49107196585900725, 0.8089605838263817, 0.3231580080435101], [-0.6871038242396981, -0.5877345687484955, 0.4271491676372576]], "omega_spin": 20.149611414388673, "tether_tension": 259.22667367252296, "tether_rest_length": 51.1499999999972, "swash_collective": -0.049512958734914195, "swash_tilt_lon": 0.005130150513642535, "swash_tilt_lat": -0.004562271008403735, "body_z_eq": [0.8422693014334641, 0.32875143483728453, 0.4272059432582967], "wind_enu": [10.0, 0.0, 0.0]}, {"t": 3.0500000000000003, "pos_enu": [47.31033586459956, 16.012452902931837, 11.33623436780966], "R": [[0.5356060049287992, -0.012433048721684789, 0.8443764721874333], [-0.4910229513788673, 0.80890280462624, 0.32337704601129247], [-0.6870390590813582, -0.5878109151481341, 0.4271482872836024]], "omega_spin": 20.149676588529697, "tether_tension": 258.9838983870348, "tether_rest_length": 51.16999999999715, "swash_collective": -0.04968710574379348, "swash_tilt_lon": 0.005011526810500887, "swash_tilt_lat": -0.0044619158881204464, "body_z_eq": [0.8422345032486855, 0.3288405747200745, 0.4272059432582967], "wind_enu": [10.0, 0.0, 0.0]}, {"t": 3.1, "pos_enu": [47.32935136509211, 16.0244473749884, 11.330162273710352], "R": [[0.5357310038517443, -0.012580312970852044, 0.8442949882816774], [-0.4909750614913052, 0.8088463843941269, 0.32359081483589314], [-0.6869758223588455, -0.5878854158576338, 0.4271474655388755]], "omega_spin": 20.149829031895695, "tether_tension": 258.73284790168447, "tether_rest_length": 51.189999999997106, "swash_collective": -0.04985612025543823, "swash_tilt_lon": 0.004897540427306372, "swash_tilt_lat": -0.00436539812242672, "body_z_eq": [0.8421998441150997, 0.3289293307342637, 0.4272059432582967], "wind_enu": [10.0, 0.0, 0.0]}, {"t": 3.15, "pos_enu": [47.34819733082822, 16.03638333696492, 11.324871409093053], "R": [[0.5358530794287102, -0.012724047799226756, 0.844215361074632], [-0.49092825659756084, 0.8087912751457671, 0.3237995060560825], [-0.6869140587736199, -0.5879581378428959, 0.4271467007989944]], "omega_spin": 20.150068202798707, "tether_tension": 258.4848893949435, "tether_rest_length": 51.20999999999706, "swash_collective": -0.050024894657657526, "swash_tilt_lon": 0.004788245408064398, "swash_tilt_lat": -0.0042727757200648