[{"t": 0.0, "pos_enu": [46.257396326386264, 14.243301803477069, 12.529780236732451], "R": [[0.5251363359076554, -2.7755575615628914e-17, 0.851018], [-0.494905872926022, 0.8135138872613554, 0.305391], [-0.6923149613093842, -0.5815457169249323, 0.427206]], "omega_spin": 20.148228081296295, "tether_tension": 259.2898454834281, "tether_rest_length": 49.949999999999996, "swash_collective": 0.10005, "swash_tilt_lon": 4.5787991262056795e-17, "swash_tilt_lat": 7.526515404082256e-17, "body_z_eq": [0.8510178869673862, 0.30539095943782274, 0.4272059432582967], "wind_enu": [10.0, 0.0, 0.0]}, {"t": 0.05, "pos_enu": [46.25924369038175, 14.293553704952467, 12.528762057005144], "R": [[0.5251386114355634, -2.708347588313495e-06, 0.8510165958340906], [-0.4949050563386579, 0.813512915355019, 0.30539491231424215], [-0.6923138190083729, -0.58154707649859, 0.4272060004126027]], "omega_spin": 20.152414116271594, "tether_tension": 237.25682414552566, "tether_rest_length": 49.96999999999995, "swash_collective": -0.017207506129119907, "swash_tilt_lon": 0.0010204485448053779, "swash_tilt_lat": -0.0008575564352357977, "body_z_eq": [0.8507179205088682, 0.3062255733439911, 0.4272059432582967], "wind_enu": [10.0, 0.0, 0.0]}, {"t": 0.1, "pos_enu": [46.27693386754737, 14.348489245944103, 12.530409942230346], "R": [[0.5251505985034164, -1.6971805658111697e-05, 0.8510091986621118], [-0.49490075450998267, 0.8135077965977416, 0.30541551822940205], [-0.6923078015427485, -0.5815542367032158, 0.42720600494156996]], "omega_spin": 20.156042845730173, "tether_tension": 307.4946654154557, "tether_rest_length": 49.9899999999999, "swash_collective": -0.05350161135217149, "swash_tilt_lon": 0.001899462555429178, "swash_tilt_lat": -0.0015969890267719035, "body_z_eq": [0.8504186888566789, 0.3070555905501087, 0.4272059432582967], "wind_enu": [10.0, 0.0, 0.0]}, {"t": 0.15, "pos_enu": [46.277895601303555, 14.397924738380997, 12.524232113521197], "R": [[0.5251759887133927, -4.7174868947924424e-05, 0.8509935289054252], [-0.49489164158116417, 0.8134969562733856, 0.3054591559616901], [-0.6922950555738584, -0.581569398738692, 0.42720601990288476]], "omega_spin": 20.159745904393773, "tether_tension": 269.90305604186034, "tether_rest_length": 50.009999999999856, "swash_collective": -0.03762680123005349, "swash_tilt_lon": 0.002679824964194968, "swash_tilt_lat": -0.0022541528028335355, "body_z_eq": [0.8501208197918763, 0.3078793169428199, 0.4272059432582967], "wind_enu": [10.0, 0.0, 0.0]}, {"t": 0.2, "pos_enu": [46.28148881525589, 14.447719542539465, 12.516781013382376], "R": [[0.5252183856050773, -9.759337406388519e-05, 0.8509673586291877], [-0.4948764214228247, 0.8134788564328536, 0.3055320088325707], [-0.6922737716699481, -0.5815947096157643, 0.42720605305566267]], "omega_spin": 20.163187606218433, "tether_tension": 247.0660440887433, "tether_rest_length": 50.02999999999981, "swash_collective": -0.024010511849551112, "swash_tilt_lon": 0.003352236495705663, "swash_tilt_lat": -0.002821157328485208, "body_z_eq": [0.8498251088553147, 0.30869461673932963, 0.4272059432582968], "wind_enu": [10.0, 0.0, 0.0]}, {"t": 0.25, "pos_enu": [46.2967947304829, 14.500602456359236, 12.510934360123557], "R": [[0.525277866916896, -0.00016831031432560192, 0.8509306327249665], [-0.49485506118294065, 0.8134534614037529, 0.30563420188233004], [-0.6922439100121169, -0.5816302119411495, 0.4272061078344267]], "omega_spin": 20.1661644946849, "tether_tension": 291.90870316181525, "tether_rest_length": 50.04999999999976, "swash_collective": -0.046868907550185794, "swash_tilt_lon": 0.004014075248116718, "swash_tilt_lat": -0.003379876776593918, "body_z_eq": [0.8495323480777489, 0.3094993887139285, 0.4272059432582968], "wind_enu": [10.0, 0.0, 0.0]}, {"t": 0.3, "pos_enu": [46.3027111836705, 14.549911158648687, 12.499897551327043], "R": [[0.5253522736358622, -0.00025675200445739746, 0.8508846749826824], [-0.49482832975022256, 0.8134216877750358, 0.3057620198726996], [-0.6922065534666912, -0.5816746148633576, 0.42720618291871915]], "omega_spin": 20.169074549085444, "tether_tension": 274.20322135933105, "tether_rest_length": 50.069999999999716, "swash_collective": -0.04018713468392803, "swash_tilt_lon": 0.004636060137496861, "swash_tilt_lat": -0.0039056675977855943, "body_z_eq": [0.8492429743803209, 0.3102925273197125, 0.4272059432582967], "wind_enu": [10.0, 0.0, 0.0]}, {"t": 0.35000000000000003, "pos_enu": [46.30872367755349, 14.598500472871994, 12.48696842917578], "R": [[0.525443079844147, -0.0003646646190096207, 0.8508285633742402], [-0.4947956895214847, 0.8133828986847274, 0.3059179901336919], [-0.6921609606694502, -0.5817287965949093, 0.42720627886313794]], "omega_spin": 20.171765489890795, "tether_tension": 254.67171889338834, "tether_rest_length": 50.08999999999967, "swash_collective": -0.029338448278276773, "swash_tilt_lon": 0.005167505315705261, "swash_tilt_lat": -0.004355848913194737, "body_z_eq": [0.8489576472927883, 0.3110723310548247, 0.4272059432582967], "wind_enu": [10.0, 0.0, 0.0]}, {"t": 0.4, "pos_enu": [46.32305809428954, 14.648872604097217, 12.474824270249105], "R": [[0.5255495774601958, -0.0004912035724276171, 0.8507627211287327], [-0.49475738507567757, 0.8133373859125714, 0.3061008944729228], [-0.6921074855428799, -0.5817923349759516, 0.42720639084815987]], "omega_spin": 20.17406913705129, "tether_tension": 282.3191197966739, "tether_rest_length": 50.10999999999962, "swash_collective": -0.04329132660149429, "swash_tilt_lon": 0.005696376233730108, "swash_tilt_lat": -0.004804444087969719, "body_z_eq": [0.8486770205568649, 0.3118371318870025, 0.4272059432582967], "wind_enu": [10.0, 0.0, 0.0]}, {"t": 0.45, "pos_enu": [46.332494254135874, 14.696813083091376, 12.45923012716019], "R": [[0.5256689101344456, -0.0006329752420817159, 0.8506888993545119], [-0.4947144334675493, 0.8132863578251452, 0.3063058285256602], [-0.692047560675526, -0.5818635279502119, 0.4272065092753363]], "omega_spin": 20.176230318939997, "tether_tension": 275.30858599413943, "tether_rest_length": 50.129999999999576, "swash_collective": -0.041372115434646396, "swash_tilt_lon": 0.006200359884185294, "swash_tilt_lat": -0.005232666193716611, "body_z_eq": [0.8484014053245444, 0.31258620809006754, 0.4272059432582967], "wind_enu": [10.0, 0.0, 0.0]}, {"t": 0.5, "pos_enu": [46.34108104061884, 14.743519558206387, 12.441679799376477], "R": [[0.5258019765908454, -0.0007908307292696778, 0.8506066399928455], [-0.49466650033888987, 0.8132293872123828, 0.3065338761322274], [-0.691980733008973, -0.5819427277326611, 0.42720642174882434]], "omega_spin": 20.17819386530483, "tether_tension": 260.1331695077808, "tether_rest_length": 50.14999999999953, "swash_collective": -0.03337203834785472, "swash_tilt_lon": 0.006623538483804115, "swash_tilt_lat": -0.005593759812643865, "body_z_eq": [0.8481312852739449, 0.31331837639110044, 0.4272059432582967], "wind_enu": [10.0, 0.0, 0.0]}, {"t": 0.55, "pos_enu": [46.355408415541326, 14.79101799238152, 12.424363487706966], "R": [[0.5259479200622849, -0.0009641867614055209, 0.8505162289610032], [-0.4946138822225131, 0.8131668859188633, 0.3067844897607973], [-0.6919074308713057, -0.5820297981967144, 0.42720653215530474]], "omega_spin": 20.179833860454465, "tether_tension": 276.53051163642544, "tether_rest_length": 50.16999999999948, "swash_collective": -0.04161167755363348, "swash_tilt_lon": 0.0070350608273645, "swash_tilt_lat": -0.005945133643115022, "body_z_eq": [0.8478671620446613, 0.31403241484139965, 0.4272059432582967], "wind_enu": [10.0, 0.0, 0.0]}, {"t": 0.6, "pos_enu": [46.367480516780624, 14.836736345630941, 12.404751362651458], "R": [[0.5261043186733659, -0.0011499532044203333, 0.8504192633524134], [-0.4945574406973862, 0.8130998461209448, 0.30705305419250917], [-0.6918288688137298, -0.582123112275852, 0.42720662264317794]], "omega_spin": 20.18129786099224, "tether_tension": 274.8680602100476, "tether_rest_length": 50.189999999999436, "swash_collective": -0.04193796478459527, "swash_tilt_lon": 0.007427950028208889, "swash_tilt_lat": -0.006281350519810016, "body_z_eq": [0.8476092518182126, 0.31472787972621485, 0.4272059432582967], "wind_enu": [10.0, 0.0, 0.0]}, {"t": 0.65, "pos_enu": [46.378531264876116, 14.881016246291217, 12.38339528948599], "R": [[0.5262713026659341, -0.0013482913015193472, 0.850315646157865], [-0.4944971174728865, 0.8130281962278695, 0.30733980046434584], [-0.6917449795996404, -0.5822227531186185, 0.4272066817708601]], "omega_spin": 20.182579151231938, "tether_tension": 263.792609249161, "tether_rest_length": 50.20999999999939, "swash_collective": -0.0363757961807674, "swash_tilt_lon": 0.007752803881729485, "swash_tilt_lat": -0.006560750098560232, "body_z_eq": [0.8473578715093902, 0.31540405773525604, 0.4272059432582967], "wind_enu": [10.0, 0.0, 0.0]}, {"t": 0.7000000000000001, "pos_enu": [46.393454424054944, 14.925379370581112, 12.361957997043799], "R": [[0.5264485595339343, -0.0015588348109799252, 0.8502055540859974], [-0.49443301349709984, 0.8129520543591588, 0.3076441978607762], [-0.6916559183067994, -0.5823285390114892, 0.4272066985943948]], "omega_spin": 20.18359012903805, "tether_tension": 273.0681761733101, "tether_rest_length": 50.22999999999934, "swash_collective": -0.04106767173443939, "swash_tilt_lon": 0.008057580104513174, "swash_tilt_lat": -0.006823656765528353, "body_z_eq": [0.8471133697449317, 0.3160601538381193, 0.4272059432582967], "wind_enu": [10.0, 0.0, 0.0]}, {"t": 0.75, "pos_enu": [46.407601315852915, 14.968320462523444, 12.33900514599871], "R": [[0.5266339502037949, -0.0017790488452954193, 0.8500902996023145], [-0.49436589119150254, 0.8128723239812449, 0.30796257975890834], [-0.6915627579035598, -0.5824391984495346, 0.42720666192170437]], "omega_spin": 20.184418327153608, "tether_tension": 273.7730484629843, "tether_rest_length": 50.2499999999993, "swash_collective": -0.04227791961559746, "swash_tilt_lon": 0.00834629797489575, "swash_tilt_lat": -0.007073433892093948, "body_z_eq": [0.8468758783979934, 0.31669595613524326, 0.4272059432582967], "wind_enu": [10.0, 0.0, 0.0]}, {"t": 0.8, "pos_enu": [46.420880475855746, 15.00978337165652, 12.314638617821279], "R": [[0.5268271882064557, -0.00200859907541611, 0.8499700461170581], [-0.4942958440903821, 0.8127891140354285, 0.3082944608981484], [-0.6914656407092515, -0.5825545653715688, 0.42720656137667934]], "omega_spin": 20.185078939947818, "tether_tension": 266.0548851691381, "tether_rest_length": 50.26999999999925, "swash_collective": -0.038608001597584145, "swash_tilt_lon": 0.00858030236599447, "swash_tilt_lat": -0.007277481202563262, "body_z_eq": [0.8466455713809797, 0.31731113832603386, 0.4272059432582968], "wind_enu": [10.0, 0.0, 0.0]}, {"t": 0.85, "pos_enu": [46.436728552517664, 15.050851992385567, 12.290058687311816], "R": [[0.5270280269675974, -0.002247196654431147, 0.8498449322657858], [-0.49422295130304783, 0.8127025170113938, 0.30863942270657935], [-0.6913646889999131, -0.582674496567802, 0.42720638788940396]], "omega_spin": 20.185515076837685, "tether_tension": 270.9726677211882, "tether_rest_length": 50.2899999999992, "swash_collective": -0.041172220454852956, "swash_tilt_lon": 0.008789647546229065, "swash_tilt_lat": -0.007461038612816217, "body_z_eq": [0.8464226550076731, 0.31790528642120836, 0.4272059432582967], "wind_enu": [10.0, 0.0, 0.0]}, {"t": 0.9, "pos_enu": [46.45256913833488, 15.090691872053538, 12.264509237549136], "R": [[0.5272348009521276, -0.00249286734843293, 0.8497159821242356], [-0.49414780797626806, 0.8126132383215098, 0.3089946096243084], [-0.6912607384606907, -0.5827980014696451, 0.42720613402170127]], "omega_spin": 20.18577833421492, "tether_tension": 272.4751691374955, "tether_rest_length": 50.30999999999916, "swash_collective": -0.04257951244358179, "swash_tilt_lon": 0.008983786221840772, "swash_tilt_lat": -0.00763204082100771, "body_z_eq": [0.846207181490932, 0.3184783949312132, 0.4272059432582967], "wind_enu": [10.0, 0.0, 0.0]}, {"t": 0.9500000000000001, "pos_enu": [46.46779054894834, 15.129098009946322, 12.23790878248511], "R": [[0.5274469848237663, -0.0027449915989060467, 0.849583511622866], [-0.4940705969263931, 0.8125214934789822, 0.30935912446133323], [-0.6911540518966196, -0.5829247701511808, 0.42720579220216276]], "omega_spin": 20.18589194643045, "tether_tension": 267.2898136279877, "tether_rest_length": 50.32999999999911, "swash_collective": -0.04028566328844206, "swash_tilt_lon": 0.009135128262250295, "swash_tilt_lat": -0.007767212990224027, "body_z_eq": [0.8459992074591233, 0.319030442157679, 0.4272059432582967], "wind_enu": [10.0, 0.0, 0.0]}, {"t": 1.0, "pos_enu": [46.484695535634394, 15.166811517108341, 12.211092545477168], "R": [[0.5276643297249933, -0.0030032761609128547, 0.8494476649377378], [-0.49399140095536065, 0.8124273799531119, 0.3097325428247443], [-0.6910447531947796, -0.5830546566444892, 0.427205356295006]], "omega_spin": 20.1858219065154, "tether_tension": 269.6395339960263, "tether_rest_length": 50.34999999999906, "swash_collective": -0.04162382058019523, "swash_tilt_lon": 0.00926084033045382, "swash_tilt_lat": -0.00788093910882394, "body_z_eq": [0.8457988149950388, 0.31956133464137565, 0.4272059432582968], "wind_enu": [10.0, 0.0, 0.0]}, {"t": 1.05, "pos_enu": [46.501943797920454, 15.20340539783887, 12.183707272553882], "R": [[0.5278855764938998, -0.003266226908513511, 0.8493092192431951], [-0.4939106720621784, 0.8123314340479326, 0.3101127041588529], [-0.6909334744769503, -0.5831869108779889, 0.42720482303901774]], "omega_spin": 20.185598973574642, "tether_tension": 271.18107854309255, "tether_rest_length": 50.36999999999902, "swash_collective": -0.04291922839682973, "swash_tilt_lon": 0.009371755174407385, "swash_tilt_lat": -0.00798231043036186, "body_z_eq": [0.8456059819147252, 0.3200712504971701, 0.4272059432582967], "wind_enu": [10.0, 0.0, 0.0]}, {"t": 1.1, "pos_enu": [46.51880885535, 15.238651170562036, 12.15562247989833], "R": [[0.5281101074430136, -0.00353311207674752, 0.8491685530774103], [-0.4938286301068075, 0.8122339161772034, 0.31049854991332465], [-0.6908205255371058, -0.583321165851623, 0.4272041888443283]], "omega_spin": 20.185247607795997, "tether_tension": 267.798184740829, "tether_rest_length": 50.38999999999897, "swash_collective": -0.04157669388494614, "swash_tilt_lon": 0.009449716235325449, "swash_tilt_lat": -0.008056004351853217, "body_z_eq": [0.8454206711687197, 0.32056040118115137, 0.4272059432582967], "wind_enu": [10.0, 0.0, 0.0]}, {"t": 1.1500000000000001, "pos_enu": [46.536767204714145, 15.273039289724746, 12.127403599723428], "R": [[0.5283376517056887, -0.0038036100366063276, 0.8490258290186518], [-0.49374536913492456, 0.8121349379739852, 0.3108896154261314], [-0.6907060418498858, -0.5834572607078261, 0.4272034511557508]], "omega_spin": 20.184749942153513, "tether_tension": 268.70100948501585, "tether_rest_length": 50.409999999998924, "swash_collective": -0.042242373642337544, "swash_tilt_lon": 0.009503621854944657, "swash_tilt_lat": -0.00810944772709432, "body_z_eq": [0.8452428621389972, 0.32102894892496053, 0.4272059432582967], "wind_enu": [10.0, 0.0, 0.0]}, {"t": 1.2, "pos_enu": [46.555184481814955, 15.306380598782805, 12.098924706626525], "R": [[0.5285672722788696, -0.004076606636694462, 0.8488816289412832], [-0.4936612279585118, 0.8120349022750798, 0.31128429047672035], [-0.6905904942049017, -0.5835946356551188, 0.42720261065260273]], "omega_spin": 20.184125073893025, "tether_tension": 269.96813913762344, "tether_rest_length": 50.42999999999888, "swash_collective": -0.04331751882666992, "swash_tilt_lon": 0.009543412604316388, "swash_tilt_lat": -0.00815097801388756, "body_z_eq": [0.8450724663910671, 0.321477228730913, 0.4272059432582967], "wind_enu": [10.0, 0.0, 0.0]}, {"t": 1.25, "pos_enu": [46.573400954028145, 15.3384785511394, 12.07006641968113], "R": [[0.5287983588517818, -0.00435137612995068, 0.8487363319673783], [-0.4935764273493856, 0.8119340715791219, 0.3116815261993657], [-0.6904741892646529, -0.5837329260327236, 0.42720166786261005]], "omega_spin": 20.183395664625554, "tether_tension": 267.8084433787042, "tether_rest_length": 50.44999999999883, "swash_collective": -0.04260417836210265, "swash_tilt_lon": 0.009558084729026004, "swash_tilt_lat": -0.008171303370823387, "body_z_eq": [0.844909373947899, 0.3219056257038049, 0.4272059432582967], "wind_enu": [10.0, 0.0, 0.0]}, {"t": 1.3, "pos_enu": [46.5923209017395, 15.36964972975507, 12.041203885343373], "R": [[0.5290306271466482, -0.004627578699173842, 0.8485901136922399], [-0.49349106944961857, 0.8118325679670888, 0.3120808324159524], [-0.6903572697627633, -0.5838719612238159, 0.42720062380848506]], "omega_spin": 20.18255467205236, "tether_tension": 267.94248138825276, "tether_rest_length": 50.469999999998784, "swash_collective": -0.04292494201060855, "swash_tilt_lon": 0.009551747353349023, "swash_tilt_lat": -0.008173829084200009, "body_z_eq": [0.8447534835323822, 0.32231449564779735, 0.4272059432582967], "wind_enu": [10.0, 0.0, 0.0]}, {"t": 1.35, "pos_enu": [46.61169140017956, 15.399837068205022, 12.01233050884359], "R": [[0.5292633857646594, -0.004904389646943911, 0.8484434073355287], [-0.4934054069377539, 0.8117306928097001, 0.31248101823194585], [-0.6902400835169744, -0.5840113263566685, 0.42719948243602246]], "omega_spin": 20.181614904557897, "tether_tension": 268.85078098895696, "tether_rest_length": 50.48999999999874, "swash_collective": -0.043769561534418695, "swash_tilt_lon": 0.009532512943346734, "swash_tilt_lat": -0.008165354954000364, "body_z_eq": [0.8446046513056501, 0.32270429968881775, 0.4272059432582968], "wind_enu": [10.0, 0.0, 0.0]}, {"t": 1.4000000000000001, "pos_enu": [46.63098243354271, 15.428893948060573, 11.983358764354533], "R": [[0.529496089409383, -0.005181158092721587, 0.848296555987934], [-0.49331964007997675, 0.8116286851262708, 0.31288114387345706], [-0.6901229050042706, -0.5841506938119813, 0.42719824778134063]], "omega_spin": 20.18059613926784, "tether_tension": 267.4862275052398, "tether_rest_length": 50.50999999999869, "swash_collective": -0.043454869884330054, "swash_tilt_lon": 0.0094943384497077, "swash_tilt_lat": -0.008140772986549923, "body_z_eq": [0.84446271252026, 0.32307554721413656, 0.4272059432582967], "wind_enu": [10.0, 0.0, 0.0]}, {"t": 1.45, "pos_enu": [46.65071919764866, 15.457021682827664, 11.95453421032746], "R": [[0.5297284599693073, -0.005457549690561565, 0.8481497355124991], [-0.4932338716203047, 0.8115266684102004, 0.3132807276956014], [-0.6900058743119452, -0.5842898951808219, 0.4271969239175219]], "omega_spin": 20.17949819292907, "tether_tension": 267.2455153129461, "tether_rest_length": 50.529999999998644, "swash_collective": -0.043616188305853856, "swash_tilt_lon": 0.009438848313086407, "swash_tilt_lat": -0.008101409730871348, "body_z_eq": [0.8443275059957986, 0.3234287319699716, 0.4272059432582967], "wind_enu": [10.0, 0.0, 0.0]}, {"t": 1.5, "pos_enu": [46.67083933382832, 15.484231644755987, 11.925905700062438], "R": [[0.5299599910401821, -0.0057329578822157765, 0.8480032671461893], [-0.49314828934492344, 0.8114248675613973, 0.3136788947620553], [-0.6898892466279398, -0.5844286248096422, 0.4271955171701176]], "omega_spin": 20.178330582877425, "tether_tension": 267.81692153393055, "tether_rest_length": 50.5499999999986, "swash_collective": -0.044261574464473784, "swash_tilt_lon": 0.009372192357517503, "swash_tilt_lat": -0.008052417677959018, "body_z_eq": [0.844198844934916, 0.32376440856793187, 0.4272059432582967], "wind_enu": [10.0, 0.0, 0.0]}, {"t": 1.55, "pos_enu": [46.69094774727228, 15.510426773313453, 11.89741920845893], "R": [[0.5301902290954795, -0.0060068391576254985, 0.8478574401720009], [-0.4930630625312548, 0.8113234854148025, 0.31407486111065347], [-0.6897732506693656, -0.584566608606505, 0.4271940340914253]], "omega_spin": 20.177110036845065, "tether_tension": 266.947663714894, "tether_rest_length": 50.56999999999855, "swash_collective": -0.04418811393590762, "swash_tilt_lon": 0.009291507953580422, "swash_tilt_lat": -0.00799137305232937, "body_z_eq": [0.8440765257535785, 0.32408316944352034, 0.4272059432582967], "wind_enu": [10.0, 0.0, 0.0]}, {"t": 1.6, "pos_enu": [46.71132905946642, 15.53573509852371, 11.869234297118528], "R": [[0.5304189219446032, -0.006278888755665052, 0.8477124175090984], [-0.49297828672524424, 0.8112226373827025, 0.3144681882405521], [-0.6896580138449551, -0.5847036926117761, 0.42719248095628426]], "omega_spin": 20.17584038709945, "tether_tension": 266.55015677294335, "tether_rest_length": 50.589999999998504, "swash_collective": -0.04428918215123266, "swash_tilt_lon": 0.009197305660325155, "swash_tilt_lat": -0.00791867770429829, "body_z_eq": [0.8439603459054645, 0.3243855986074558, 0.4272059432582967], "wind_enu": [10.0, 0.0, 0.0]}, {"t": 1.6500000000000001, "pos_enu": [46.732004521819654, 15.560199637101283, 11.841419239900246], "R": [[0.5306457035867026, -0.0065486660523883695, 0.8475684351354223], [-0.4928941002722935, 0.8111224899751739, 0.3148582413932348], [-0.6895437210081317, -0.5848396542894544, 0.4271908655259984]], "omega_spin": 20.17452941950386, "tether_tension": 266.8467559890234, "tether_rest_length": 50.60999999999846, "swash_collective": -0.044778810716552576, "swash_tilt_lon": 0.009094024310515755, "swash_tilt_lat": -0.0078380508810291, "body_z_eq": [0.843850088453837, 0.3246723121259968, 0.4272059432582967], "wind_enu": [10.0, 0.0, 0.0]}, {"t": 1.7, "pos_enu": [46.752694948007125, 15.583764830160156, 11.813947239013077], "R": [[0.5308702191780993, -0.006815743942630551, 0.8474257230131187], [-0.49281063811503506, 0.8110232055710832, 0.31524440516186214], [-0.6894305515064222, -0.5849742777761366, 0.42718919577844894]], "omega_spin": 20.17319103156653, "tether_tension": 266.27218294829765, "tether_rest_length": 50.62999999999841, "swash_collective": -0.04484360223598236, "swash_tilt_lon": 0.008980683621317001, "swash_tilt_lat": -0.007748659792089101, "body_z_eq": [0.8437455249149429, 0.3249439509066085, 0.4272059432582967], "wind_enu": [10.0, 0.0, 0.0]}, {"t": 1.75, "pos_enu": [46.77353915283483, 15.606513964762383, 11.786921714573431], "R": [[0.5310922572346153, -0.007079865536057205, 0.8472844208466449], [-0.492727982500562, 0.8109248839916509, 0.31562631034825545], [-0.6893186125199058, -0.5851074328934118, 0.42718747922488737]], "omega_spin": 20.17183109960113, "tether_tension": 265.8306820630076, "tether_rest_length": 50.649999999998364, "swash_collective": -0.044933279103986964, "swash_tilt_lon": 0.008857408655589209, "swash_tilt_lat": -0.007650593370960665, "body_z_eq": [0.8436464273197235, 0.3252011496219774, 0.4272059432582967], "wind_enu": [10.0, 0.0, 0.0]}, {"t": 1.8, "pos_enu": [46.79458584997983, 15.628501468123433, 11.760411314225768], "R": [[0.5313115604273599, -0.007340719172706647, 0.8471446981468239], [-0.49264623317558254, 0.8108276459704209, 0.31600350863238036], [-0.6892080344091722, -0.5852389617686885, 0.4271857241689532]], "omega_spin": 20.170456401141617, "tether_tension": 265.92153578212185, "tether_rest_length": 50.66999999999832, "swash_collective": -0.0453089577475571, "swash_tilt_lon": 0.008727303686109534, "swash_tilt_lat": -0.007546455221474341, "body_z_eq": [0.8435525607809304, 0.32544455632983604, 0.4272059432582967], "wind_enu": [10.0, 0.0, 0.0]}, {"t": 1.85, "pos_enu": [46.8156459039081, 15.649703160971784, 11.734408066512831], "R": [[0.5315278681807379, -0.007597989670414724, 0.8470067271871046], [-0.49256549157748875, 0.810731614133422, 0.31637554638695164], [-0.6890989492476883, -0.5853687046619278, 0.42718393901005763]], "omega_spin": 20.169078339977155, "tether_tension": 265.5132102252506, "tether_rest_length": 50.68999999999827, "swash_collective": -0.045447482468364823, "swash_tilt_lon": 0.00859039991314597, "swash_tilt_lat": -0.007436270015689573, "body_z_eq": [0.8434636839435865, 0.325674831562254, 0.4272059432582967], "wind_enu": [10.0, 0.0, 0.0]}, {"t": 1.9000000000000001, "pos_enu": [46.836774470911166, 15.670176054579676, 11.708978899870317], "R": [[0.5317410181085918, -0.007851478645336453, 0.8468706181843376], [-0.4924858228870857, 0.8106368679862325, 0.31674213883962515], [-0.6889914396536937, -0.5854965606598829, 0.42718213157783036]], "omega_spin": 20.167703514776584, "tether_tension": 265.080433635816, "tether_rest_length": 50.709999999998224, "swash_collective": -0.04554668219543733, "swash_tilt_lon": 0.008446769921796672, "swash_tilt_lat": -0.007320092161275579, "body_z_eq": [0.8433795567107176, 0.32589262858681295, 0.4272059432582967], "wind_enu": [10.0, 0.0, 0.0]}, {"t": 1.95, "pos_enu": [46.85802105642314, 15.689975585043792, 11.684183744673717], "R": [[0.5319508389436609, -0.008100977147188366, 0.8467364874129367], [-0.49240729586988463, 0.8105434913065314, 0.31710298591266156], [-0.6888855927664945, -0.585622423469148, 0.4271803099498824]], "omega_spin": 20.16633795933195, "tether_tension": 265.02692179784594, "tether_rest_length": 50.72999999999818, "swash_collective": -0.045843138005266085, "swash_tilt_lon": 0.00829854734003035, "swash_tilt_lat": -0.007199715514475563, "body_z_eq": [0.8432999371239643, 0.32609860179324107, 0.4272059432582967], "wind_enu": [10.0, 0.0, 0.0]}, {"t": 2.0, "pos_enu": [46.87926200714902, 15.709099444810123, 11.66002563024593], "R": [[0.5321571543637987, -0.008346270632210074, 0.8466044547638275], [-0.49232998145045886, 0.8104515702900205, 0.3174577792076148], [-0.6887814983174377, -0.5857461839235266, 0.4271784821296732]], "omega_spin": 20.164990917878388, "tether_tension": 264.7063745581723, "tether_rest_length": 50.74999999999813, "swash_collective": -0.046016874952768835, "swash_tilt_lon": 0.008146232255373961, "swash_tilt_lat": -0.007075564836745065, "body_z_eq": [0.8432245811018088, 0.32629340764175396, 0.4272059432582967], "wind_enu": [10.0, 0.0, 0.0]}, {"t": 2.05, "pos_enu": [46.900507899976034, 15.727589719862324, 11.636547486361673], "R": [[0.5323598536488713, -0.008587222803984444, 0.8464745984537675], [-0.4922539261828717, 0.8103611620695605, 0.3178063233587699], [-0.6886792129725565, -0.5858677722948975, 0.4271766555018122]], "omega_spin": 20.16366885992847, "tether_tension": 264.3026173470862, "tether_rest_length": 50.769999999998085, "swash_collective": -0.046132019168166616, "swash_tilt_lon": 0.007989959673340829, "swash_tilt_lat": -0.006947754700505884, "body_z_eq": [0.8431532471833414, 0.32647769266670595, 0.4272059432582967], "wind_enu": [10.0, 0.0, 0.0]}, {"t": 2.1, "pos_enu": [46.92179855953562, 15.745498036833164, 11.613797005887616], "R": [[0.5325588349433926, -0.00882370808793559, 0.8463469911917423], [-0.4921791734129535, 0.8102723199006969, 0.3181484384077409], [-0.6885787889430505, -0.5859871242427781, 0.427174837320038]], "omega_spin": 20.162377112343975, "tether_tension": 264.1535918890816, "tether_rest_length": 50.78999999999804, "swash_collective": -0.04637576469832479, "swash_tilt_lon": 0.007831188114305575, "swash_tilt_lat": -0.006817516845329072, "body_z_eq": [0.8430856955346415, 0.3266520963190944, 0.4272059432582968], "wind_enu": [10.0, 0.0, 0.0]}, {"t": 2.15, "pos_enu": [46.94305565281632, 15.76283611722213, 11.591781993142886], "R": [[0.5327539940396381, -0.009055598583559595, 0.8462217073374484], [-0.4921057674702907, 0.8101850980365808, 0.3184839407912614], [-0.6884802796429895, -0.5861041742333428, 0.42717303459951916]], "omega_spin": 20.161123048324672, "tether_tension": 263.875462975606, "tether_rest_length": 50.80999999999799, "swash_collective": -0.0465630534028984, "swash_tilt_lon": 0.007670572964951256, "swash_tilt_lat": -0.006685411265199994, "body_z_eq": [0.8430216876351936, 0.3268172520254996, 0.4272059432582967], "wind_enu": [10.0, 0.0, 0.0]}, {"t": 2.2, "pos_enu": [46.9642686522079, 15.779637697164409, 11.57052909379449], "R": [[0.5329452700043634, -0.009282818206548409, 0.8460987935614374], [-0.49203373647204746, 0.8100995313213036, 0.3188127217134842], [-0.6883837166532424, -0.5862188828749442, 0.4271712537232824]], "omega_spin": 20.15991248927101, "tether_tension": 263.5049065099984, "tether_rest_length": 50.829999999997945, "swash_collective": -0.046693809206637224, "swash_tilt_lon": 0.007508321527739466, "swash_tilt_lat": -0.006551619105712659, "body_z_eq": [0.8429609890964964, 0.32697378015101664, 0.4272059432582967], "wind_enu": [10.0, 0.0, 0.0]}, {"t": 2.25, "pos_enu": [46.98546546948686, 15.795948772160239, 11.550073175064133], "R": [[0.5331326174441483, -0.009505309647560129, 0.8459782865450238], [-0.4919631026820339, 0.8100156475303453, 0.3191346993911216], [-0.6882891237093736, -0.586331220253961, 0.4271695007124033]], "omega_spin": 20.1587499997417, "tether_tension": 263.29661137660526, "tether_rest_length": 50.8499999999979, "swash_collective": -0.04690393791855357, "swash_tilt_lon": 0.0073454339280032985, "swash_tilt_lat": -0.006416990965057044, "body_z_eq": [0.8429033695864653, 0.3271222884252491, 0.4272059432582967], "wind_enu": [10.0, 0.0, 0.0]}, {"t": 2.3000000000000003, "pos_enu": [47.00659792038887, 15.811789124537958, 11.530422367272603], "R": [[0.5333159919177632, -0.009723017219319972, 0.8458602223186312], [-0.49189388798107364, 0.8099334738017153, 0.31944979414979857], [-0.6881965240624471, -0.5864411572797721, 0.4271677812250441]], "omega_spin": 20.157641318163986, "tether_tension": 263.0365462038836, "tether_rest_length": 50.86999999999785, "swash_collective": -0.04709359361846338, "swash_tilt_lon": 0.007182555117205015, "swash_tilt_lat": -0.0062820814799070855, "body_z_eq": [0.8428486026422334, 0.3272633726355937, 0.4272059432582967], "wind_enu": [10.0, 0.0, 0.0]}, {"t": 2.35, "pos_enu": [47.02764772079216, 15.827187672311071, 11.511591700543814], "R": [[0.533495377449446, -0.009935919494843726, 0.8457446185130971], [-0.4918261034583665, 0.809853024287439, 0.31975797567761866], [-0.6881059265818251, -0.5865486821707813, 0.42716610030137847]], "omega_spin": 20.1565913294556, "tether_tension": 262.6964101873179, "tether_rest_length": 50.889999999997805, "swash_collective": -0.0472370796702273, "swash_tilt_lon": 0.007019934456365098, "swash_tilt_lat": -0.00614711120989307, "body_z_eq": [0.8427964672993429, 0.32739761262498057, 0.4272059432582968], "wind_enu": [10.0, 0.0, 0.0]}, {"t": 2.4, "pos_enu": [47.04863232420541, 15.842184445775025, 11.493604037252824], "R": [[0.5336707744270027, -0.01014401485341074, 0.845631482080188], [-0.4917597539295739, 0.809774305549255, 0.3200592421526776], [-0.6880173318584397, -0.5866537931649938, 0.42716446250538914]], "omega_spin": 20.155603763348957, "tether_tension": 262.45437544044375, "tether_rest_length": 50.90999999999776, "swash_collective": -0.04742673353376508, "swash_tilt_lon": 0.006858261966877685, "swash_tilt_lat": -0.006012672967068317, "body_z_eq": [0.8427467483206614, 0.32752557188674725, 0.4272059432582967], "wind_enu": [10.0, 0.0, 0.0]}, {"t": 2.45, "pos_enu": [47.06952296682255, 15.856803015531463, 11.476464960777717], "R": [[0.5338421865645085, -0.010347306101832108, 0.845520817662379], [-0.4916948428420896, 0.8096973223438558, 0.3203535979377836], [-0.6879307387859009, -0.5867564907571329, 0.42716287196789327]], "omega_spin": 20.154682916062473, "tether_tension": 262.200725167395, "tether_rest_length": 50.92999999999771, "swash_collective": -0.047613769055798415, "swash_tilt_lon": 0.006698095399073837, "swash_tilt_lat": -0.005879250264166351, "body_z_eq": [0.8426992361236464, 0.32764779791936927, 0.4272059432582967], "wind_enu": [10.0, 0.0, 0.0]}, {"t": 2.5, "pos_enu": [47.0903006546093, 15.87106918141528, 11.46018070363772], "R": [[0.5340096363562612, -0.010545818793024103, 0.8454126175925212], [-0.49163136640702404, 0.8096220706662731, 0.3206410801111094], [-0.6878461367511024, -0.5868567869557625, 0.4271613322394043]], "omega_spin": 20.153832604443235, "tether_tension": 261.88606674478865, "tether_rest_length": 50.949999999997665, "swash_collective": -0.04776666038581649, "swash_tilt_lon": 0.006539688837564672, "swash_tilt_lat": -0.005747070166552989, "body_z_eq": [0.8426537276931455, 0.3277648200305139, 0.4272059432582967], "wind_enu": [10.0, 0.0, 0.0]}, {"t": 2.5500000000000003, "pos_enu": [47.11097507204836, 15.885017326717763, 11.444763517567694], "R": [[0.5341731607494037, -0.010739596015553143, 0.8453068646429026], [-0.4915693152064901, 0.8095485396849865, 0.3209217509632658], [-0.6877635078153055, -0.5869547026571373, 0.42715984636463356]], "omega_spin": 20.153055671126307, "tether_tension": 261.6275263991274, "tether_rest_length": 50.96999999999762, "swash_collective": -0.04794454901640864, "swash_tilt_lon": 0.006383518953573366, "swash_tilt_lat": -0.005616547808241562, "body_z_eq": [0.8426100268355166, 0.32787714882412766, 0.4272059432582968], "wind_enu": [10.0, 0.0, 0.0]}, {"t": 2.6, "pos_enu": [47.13152966220637, 15.898671915060412, 11.430214814202637], "R": [[0.5343328011350492, -0.010928686566492474, 0.8452035384693461], [-0.49150867797216724, 0.8094767162061856, 0.3211956808521927], [-0.6876828317685589, -0.5870502616726974, 0.4271584169377835]], "omega_spin": 20.152355131644164, "tether_tension": 261.37589129503243, "tether_rest_length": 50.98999999999757, "swash_collective": -0.04812742156607509, "swash_tilt_lon": 0.006230029347276366, "swash_tilt_lat": -0.0054880717992038565, "body_z_eq": [0.8425679441587708, 0.3279852763781503, 0.4272059432582968], "wind_enu": [10.0, 0.0, 0.0]}, {"t": 2.65, "pos_enu": [47.15194802545743, 15.912056303359574, 11.416533781094722], "R": [[0.5344886113138838, -0.011113154378653404, 0.8451026104417806], [-0.4914494385503168, 0.8094065810812291, 0.3214629618649318], [-0.6876040821027275, -0.5871434954950556, 0.42715704603051247]], "omega_spin": 20.151733707492543, "tether_tension": 261.0818680823613, "tether_rest_length": 51.009999999997525, "swash_collective": -0.04828686206218924, "swash_tilt_lon": 0.006079448429501481, "swash_tilt_lat": -0.005361848874546395, "body_z_eq": [0.8425272975559126, 0.32808967511630044, 0.4272059432582967], "wind_enu": [10.0, 0.0, 0.0]}, {"t": 2.7, "pos_enu": [47.17223479609029, 15.92519976764723, 11.40372359888571], "R": [[0.5346406566253754, -0.011293077421164704, 0.8450040441829537], [-0.4913915762148488, 0.8093381096027422, 0.32172370626011726], [-0.6875272264487233, -0.5872344427458418, 0.4271557352356476]], "omega_spin": 20.15119333702598, "tether_tension": 260.81802205481034, "tether_rest_length": 51.02999999999748, "swash_collective": -0.048458568537554446, "swash_tilt_lon": 0.0059321009605253164, "swash_tilt_lat": -0.005238167081306698, "body_z_eq": [0.8424879123784084, 0.3281907974655293, 0.4272059432582967], "wind_enu": [10.0, 0.0, 0.0]}, {"t": 2.75, "pos_enu": [47.19238098348211, 15.938125814338997, 11.391780798589096], "R": [[0.5347890069050505, -0.011468539364237546, 0.844907800116889], [-0.49133506833577806, 0.8092712746623288, 0.32197803439036987], [-0.6874522301345646, -0.5873231449647294, 0.4271544857212119]], "omega_spin": 20.15073589718313, "tether_tension": 260.5678132910445, "tether_rest_length": 51.04999999999743, "swash_collective": -0.048637481524764006, "swash_tilt_lon": 0.0057883150837162245, "swash_tilt_lat": -0.00511731807313503, "body_z_eq": [0.8424496214144259, 0.32828907600387697, 0.4272059432582967], "wind_enu": [10.0, 0.0, 0.0]}, {"t": 2.8000000000000003, "pos_enu": [47.21237398674517, 15.950855518704952, 11.380698700996083], "R": [[0.5349337400988659, -0.01163963384173606, 0.8448138331182025], [-0.4912798889984934, 0.8092060451217841, 0.3222260808873009], [-0.687379054357541, -0.5874096487651453, 0.4271532982058564]], "omega_spin": 20.15036305435468, "tether_tension": 260.2905487680743, "tether_rest_length": 51.069999999997385, "swash_collective": -0.04880136213683854, "swash_tilt_lon": 0.005648273987492317, "swash_tilt_lat": -0.004999470784675757, "body_z_eq": [0.8424122651101895, 0.3283849229741049, 0.4272059432582967], "wind_enu": [10.0, 0.0, 0.0]}, {"t": 2.85, "pos_enu": [47.232215636898005, 15.963413611433364, 11.370472902816418], "R": [[0.5350749426561141, -0.011806464857980686, 0.8447220922463874], [-0.4912260088461785, 0.8091423856484375, 0.3224679952804758], [-0.6873076559842839, -0.5874940060415186, 0.42715217299070063]], "omega_spin": 20.15007586256435, "tether_tension": 260.02841079800237, "tether_rest_length": 51.08999999999734, "swash_collective": -0.04897035802195418, "swash_tilt_lon": 0.005512189470398274, "swash_tilt_lat": -0.00488481806614855, "body_z_eq": [0.8423756916386655, 0.3284787301806146, 0.4272059432582967], "wind_enu": [10.0, 0.0, 0.0]}, {"t": 2.9, "pos_enu": [47.251901642291436, 15.97582154584032, 11.361094976634119], "R": [[0.5352127048512304, -0.011969141239899294, 0.8446325237781281], [-0.4911733968598519, 0.809080258825851, 0.3227039339633906], [-0.6872379899154186, -0.5875762711650914, 0.4271511100076204]], "omega_spin": 20.149875191461344, "tether_tension": 259.78078396624653, "tether_rest_length": 51.10999999999729, "swash_collective": -0.04914626372077016, "swash_tilt_lon": 0.005380284639524052, "swash_tilt_lat": -0.004773562618783594, "body_z_eq": [0.8423397568431479, 0.3285708691990444, 0.4272059432582967], "wind_enu": [10.0, 0.0, 0.0]}, {"t": 2.95, "pos_enu": [47.271423314055106, 15.988098067396878, 11.3525532700934], "R": [[0.5353471220467726, -0.012127778110700975, 0.8445450703866176], [-0.4911220198762749, 0.8090196245910933, 0.3229340623395657], [-0.6871700084468811, -0.5876565017291855, 0.42715010882186305]], "omega_spin": 20.14976173462782, "tether_tension": 259.5175221745224, "tether_rest_length": 51.129999999997246, "swash_collective": -0.04931319545284345, "swash_tilt_lon": 0.005252688006235619, "swash_tilt_lat": -0.0046658268310441585, "body_z_eq": [0.8423043242930845, 0.3286616912905416, 0.4272059432582967], "wind_enu": [10.0, 0.0, 0.0]}, {"t": 3.0, "pos_enu": [47.29078132394331, 16.000263870192168, 11.344837155525846], "R": [[0.5354782953488618, -0.012282497615011998, 0.8444596707141285], [-0.49107184233633083, 0.8089604399561272, 0.3231585558984799], [-0.6871036609382015, -0.5877347589162364, 0.4271491686600767]], "omega_spin": 20.14973571430406, "tether_tension": 259.2613099632736, "tether_rest_length": 51.1499999999972, "swash_collective": -0.049481577395944554, "swash_tilt_lon": 0.005129523878777634, "swash_tilt_lat": -0.004561729123432454, "body_z_eq": [0.8422692652573323, 0.32875152752141346, 0.4272059432582967], "wind_enu": [10.0, 0.0, 0.0]}, {"t": 3.0500000000000003, "pos_enu": [47.30997437017181, 16.012337781351192, 11.337933577336125], "R": [[0.5356063286214463, -0.012433425367773929, 0.8443762613161738], [-0.49102282742711906, 0.8089026603660807, 0.323377595077573], [-0.6870388953226252, -0.5878111057017392, 0.42714828845210856]], "omega_spin": 20.14979711877727, "tether_tension": 259.0179932796978, "tether_rest_length": 51.16999999999715, "swash_collective": -0.04965562683257892, "swash_tilt_lon": 0.005010925036958587, "swash_tilt_lat": -0.004461395055382495, "body_z_eq": [0.8422344586005777, 0.32884068907387504, 0.4272059432582968], "wind_enu": [10.0, 0.0, 0.0]}, {"t": 3.1, "pos_enu": [47.32899728780567, 16.02433612688779, 11.331826677976215], "R": [[0.5357313285923497, -0.012580690557790746, 0.8442947765974661], [-0.49097493704467776, 0.8088462396634906, 0.323591365422821], [-0.6869756580539447, -0.5878856069060715, 0.4271474668472582]], "omega_spin": 20.14994577568565, "tether_tension": 258.7669386138622, "tether_rest_length": 51.189999999997106, "swash_collective": -0.04982479280979148, "swash_tilt_lon": 0.004896963559439392, "swash_tilt_lat": -0.004364898417278239, "body_z_eq": [0.8421997907303664, 0.3289294674219929, 0.4272059432582967], "wind_enu": [10.0, 0.0, 0.0]}, {"t": 3.15, "pos_enu": [47.3478506742779, 16.036276004974276, 11.326500821761506], "R": [[0.535853405389281, -0.012724426538782136, 0.8442151484674809], [-0.4909281315916812, 0.8087911298654656, 0.3238000584664006], [-0.6869138938357646, -0.587958329493003, 0.42714670224079404]], "omega_spin": 20.1501811533233, "tether_tension": 258.51905873934487, "tether_rest_length": 51.20999999999706, "swash_collective": -0.04999378888322334, "swash_tilt_lon": 0.0047876940481746295, "swash_tilt_lat": -0.004272297695479