[{"t": 0.0, "pos_enu": [46.2572721257357, 14.243263665479255, 12.529724963119403], "R": [[0.5251363359076554, -2.7755575615628914e-17, 0.851018], [-0.494905872926022, 0.8135138872613554, 0.305391], [-0.6923149613093842, -0.5815457169249323, 0.427206]], "omega_spin": 20.148228081296295, "tether_tension": 259.2898454834281, "tether_rest_length": 49.949999999999996, "swash_collective": -0.38147369265856973, "swash_tilt_lon": 4.5787991262056795e-17, "swash_tilt_lat": 7.526515404082256e-17, "body_z_eq": [0.8510178869673862, 0.30539095943782274, 0.4272059432582967], "wind_enu": [10.0, 0.0, 0.0]}, {"t": 0.05, "pos_enu": [46.238446552680614, 14.287168516594917, 12.517884151057512], "R": [[0.5251380818910398, -2.078034999891235e-06, 0.8510169226030232], [-0.49490524637006006, 0.813513141547627, 0.3053940018250673], [-0.6923140848366365, -0.5815467600853842, 0.42720600034825224]], "omega_spin": 20.152478799855682, "tether_tension": 102.33047018807969, "tether_rest_length": 49.96999999999995, "swash_collective": -0.3001783818576301, "swash_tilt_lon": 0.0010357054395796334, "swash_tilt_lat": -0.000870374967830335, "body_z_eq": [0.8507176910884211, 0.3062262106906828, 0.4272059432582967], "wind_enu": [10.0, 0.0, 0.0]}, {"t": 0.1, "pos_enu": [46.26261886397315, 14.34417581483409, 12.511754365440895], "R": [[0.525147636116778, -1.3446834653656756e-05, 0.8510110267830735], [-0.4949018176594974, 0.8135090616477727, 0.3054104258327018], [-0.6923092886552117, -0.5815524671746807, 0.4272060038521304]], "omega_spin": 20.155207037110852, "tether_tension": 200.47385178847765, "tether_rest_length": 49.9899999999999, "swash_collective": -0.3471482167228272, "swash_tilt_lon": 0.002004767893655435, "swash_tilt_lat": -0.0016855057105126144, "body_z_eq": [0.8504179705574488, 0.3070575799385823, 0.4272059432582967], "wind_enu": [10.0, 0.0, 0.0]}, {"t": 0.15, "pos_enu": [46.26872733256457, 14.395401538483853, 12.488421556986609], "R": [[0.5251641190040849, -3.305472349276552e-05, 0.8510008546483431], [-0.4948959019817616, 0.813502024419067, 0.30543875522407965], [-0.6923010142360916, -0.5815623103454003, 0.42720601334245556]], "omega_spin": 20.15732676780251, "tether_tension": 167.8873609138574, "tether_rest_length": 50.009999999999856, "swash_collective": -0.33435428148989466, "swash_tilt_lon": 0.0029215950816719096, "swash_tilt_lat": -0.002457431396044187, "body_z_eq": [0.8501189045647396, 0.3078846052442964, 0.4272059432582968], "wind_enu": [10.0, 0.0, 0.0]}, {"t": 0.2, "pos_enu": [46.28067711547737, 14.448128959771875, 12.45763751388829], "R": [[0.5251940274544934, -6.862110142754623e-05, 0.8509823948763705], [-0.4948851663130307, 0.8134892578424064, 0.30549014760762494], [-0.6922859999230463, -0.5815801649875706, 0.4272060380731386]], "omega_spin": 20.15860046071769, "tether_tension": 160.9444232823591, "tether_rest_length": 50.02999999999981, "swash_collective": -0.3277350274679512, "swash_tilt_lon": 0.003685231369280107, "swash_tilt_lat": -0.0031011997308949316, "body_z_eq": [0.8498212017260792, 0.30870537271261, 0.4272059432582967], "wind_enu": [10.0, 0.0, 0.0]}, {"t": 0.25, "pos_enu": [46.29996350284573, 14.502761965380765, 12.419727756712886], "R": [[0.5252358807341317, -0.00011837852696088322, 0.8509565577146432], [-0.49487013961335596, 0.8134713933089348, 0.30556205256004304], [-0.6922649886484927, -0.5816051443164504, 0.42720607973054137]], "omega_spin": 20.15898880313845, "tether_tension": 184.12187319367243, "tether_rest_length": 50.04999999999976, "swash_collective": -0.34060069169484497, "swash_tilt_lon": 0.0045100193010001255, "swash_tilt_lat": -0.0037970646919483707, "body_z_eq": [0.849525426346348, 0.3095183872338521, 0.4272059432582968], "wind_enu": [10.0, 0.0, 0.0]}, {"t": 0.3, "pos_enu": [46.31469143381278, 14.555534135863867, 12.37087665778256], "R": [[0.525289146087223, -0.00018168666189504856, 0.8509236672554643], [-0.49485100983191943, 0.8134486567668654, 0.30565354846479387], [-0.6922382473334491, -0.5816369275028486, 0.42720614047130756]], "omega_spin": 20.158740153100723, "tether_tension": 166.17657526017737, "tether_rest_length": 50.069999999999716, "swash_collective": -0.33130436334306224, "swash_tilt_lon": 0.005224982823834578, "swash_tilt_lat": -0.004401150376280085, "body_z_eq": [0.8492318761187361, 0.31032290058685713, 0.4272059432582967], "wind_enu": [10.0, 0.0, 0.0]}, {"t": 0.35000000000000003, "pos_enu": [46.336157669484656, 14.6098812775588, 12.31563555581206], "R": [[0.5253561967597616, -0.0002613597813630092, 0.8508822513548249], [-0.4948269199818813, 0.8134200319642725, 0.3057687062571145], [-0.6922045837665068, -0.5816769283125479, 0.42720622449139745]], "omega_spin": 20.157739429610483, "tether_tension": 177.89389569061692, "tether_rest_length": 50.08999999999967, "swash_collective": -0.3366380931124841, "swash_tilt_lon": 0.005914633572083405, "swash_tilt_lat": -0.00498455328950076, "body_z_eq": [0.8489412603229837, 0.31111704962282766, 0.4272059432582967], "wind_enu": [10.0, 0.0, 0.0]}, {"t": 0.4, "pos_enu": [46.35756685935619, 14.663627609849854, 12.251765307198797], "R": [[0.525434457110195, -0.0003543341341451962, 0.8508338927927162], [-0.49479878977921926, 0.8133866129230563, 0.305903099810191], [-0.6921652901687102, -0.5817236096340718, 0.42720632725032043]], "omega_spin": 20.156117757975295, "tether_tension": 176.67189877347022, "tether_rest_length": 50.10999999999962, "swash_collective": -0.3363943726756538, "swash_tilt_lon": 0.006586190991459239, "swash_tilt_lat": -0.005553339462699826, "body_z_eq": [0.8486538926442831, 0.3119000682021316, 0.4272059432582967], "wind_enu": [10.0, 0.0, 0.0]}, {"t": 0.45, "pos_enu": [46.3808807131895, 14.717315581549313, 12.180495475720086], "R": [[0.5255250068675932, -0.0004618895546760843, 0.8507779152897325], [-0.4947662248044486, 0.8133479321158978, 0.3060585811648936], [-0.6921198234045676, -0.5817776152634668, 0.42720644820928]], "omega_spin": 20.1539032750982, "tether_tension": 176.28717272205546, "tether_rest_length": 50.129999999999576, "swash_collective": -0.33575092423454994, "swash_tilt_lon": 0.007187744042178217, "swash_tilt_lat": -0.006063777887507657, "body_z_eq": [0.8483702691580696, 0.31267070290235643, 0.4272059432582967], "wind_enu": [10.0, 0.0, 0.0]}, {"t": 0.5, "pos_enu": [46.40668004221226, 14.77106923519774, 12.10238392256507], "R": [[0.5256273130702416, -0.0005831745530813419, 0.8507147510546639], [-0.4947294092979018, 0.8133041789697107, 0.3062337735230288], [-0.6920684498879479, -0.5818384418185562, 0.42720637669848427]], "omega_spin": 20.15112527764931, "tether_tension": 180.39136385734324, "tether_rest_length": 50.14999999999953, "swash_collective": -0.3378387895181853, "swash_tilt_lon": 0.007777432335627233, "swash_tilt_lat": -0.0065651652177002315, "body_z_eq": [0.8480908301959524, 0.31342786376186943, 0.42720594325829664], "wind_enu": [10.0, 0.0, 0.0]}, {"t": 0.55, "pos_enu": [46.433284832480474, 14.824305308711875, 12.017238606510253], "R": [[0.5257402450758203, -0.000717280313814659, 0.8506448613943233], [-0.4946887423289976, 0.8132558873673723, 0.3064276584697634], [-0.6920117361147646, -0.5819057889136857, 0.4272065190375376]], "omega_spin": 20.147848540532742, "tether_tension": 179.4186309220483, "tether_rest_length": 50.16999999999948, "swash_collective": -0.33724546759928653, "swash_tilt_lon": 0.008317586822811716, "swash_tilt_lat": -0.0070249977171440384, "body_z_eq": [0.8478159236721918, 0.3141707204891269, 0.4272059432582967], "wind_enu": [10.0, 0.0, 0.0]}, {"t": 0.6, "pos_enu": [46.4619245201635, 14.877355982679969, 11.925939469187577], "R": [[0.5258640519066368, -0.0008642863690073066, 0.8505681935749807], [-0.49464412591189516, 0.8132029106679651, 0.30664020411877885], [-0.6919495556853773, -0.5819796208547354, 0.42720666345059166]], "omega_spin": 20.144096540258644, "tether_tension": 181.70588714527517, "tether_rest_length": 50.189999999999436, "swash_collective": -0.33823982630155913, "swash_tilt_lon": 0.008822561233677419, "swash_tilt_lat": -0.007455753875346684, "body_z_eq": [0.8475459650551239, 0.314898267958983, 0.4272059432582967], "wind_enu": [10.0, 0.0, 0.0]}, {"t": 0.65, "pos_enu": [46.4917724910304, 14.929913404922878, 11.82858684487724], "R": [[0.5259978141762724, -0.0010231051354450775, 0.8504853042455609], [-0.49459588255664366, 0.813145630352821, 0.30686983689526753], [-0.6918823689326085, -0.5820593930983292, 0.42720680058515703]], "omega_spin": 20.139914849345974, "tether_tension": 182.67819097451397, "tether_rest_length": 50.20999999999939, "swash_collective": -0.33869540790593955, "swash_tilt_lon": 0.009295909633996232, "swash_tilt_lat": -0.007860395783693555, "body_z_eq": [0.8472812737650404, 0.31560976723143364, 0.4272059432582967], "wind_enu": [10.0, 0.0, 0.0]}, {"t": 0.7000000000000001, "pos_enu": [46.52289328893575, 14.981952018471858, 11.725643894839921], "R": [[0.5261412288621204, -0.0011933812122234353, 0.8503963682499701], [-0.4945441125725041, 0.8130841639457262, 0.30711604168547346], [-0.6918103266151294, -0.5821449288467275, 0.4272069215341744]], "omega_spin": 20.135337766024172, "tether_tension": 183.5328829112289, "tether_rest_length": 50.22999999999934, "swash_collective": -0.339002178151277, "swash_tilt_lon": 0.009728029976049256, "swash_tilt_lat": -0.008230799303513262, "body_z_eq": [0.8470221749898149, 0.3163044690172942, 0.4272059432582968], "wind_enu": [10.0, 0.0, 0.0]}, {"t": 0.75, "pos_enu": [46.5552992003845, 15.033434946012406, 11.617536537906329], "R": [[0.5262937422272786, -0.0013744618485260532, 0.8503017157145059], [-0.4944890066396514, 0.813018736146576, 0.30737787328816396], [-0.6917337054133891, -0.582235901958348, 0.42720701687333223]], "omega_spin": 20.130396331121897, "tether_tension": 184.9643030123539, "tether_rest_length": 50.2499999999993, "swash_collective": -0.3396538501964321, "swash_tilt_lon": 0.010128965869154287, "swash_tilt_lat": -0.008575389795168338, "body_z_eq": [0.8467689644715394, 0.31698170744159027, 0.4272059432582968], "wind_enu": [10.0, 0.0, 0.0]}, {"t": 0.8, "pos_enu": [46.588679709943534, 15.084226705581276, 11.504581801110785], "R": [[0.5264547469122969, -0.0015656310745366308, 0.8502017103328164], [-0.49443077501595784, 0.8129495947328905, 0.3076542948517828], [-0.6916528089805088, -0.5823319544924244, 0.4272070769619861]], "omega_spin": 20.125123667653185, "tether_tension": 185.74677874515356, "tether_rest_length": 50.26999999999925, "swash_collective": -0.33997439027634485, "swash_tilt_lon": 0.010493822575968632, "swash_tilt_lat": -0.00889000992520744, "body_z_eq": [0.8465218981036554, 0.31764092632369256, 0.4272059432582967], "wind_enu": [10.0, 0.0, 0.0]}, {"t": 0.85, "pos_enu": [46.62308052179417, 15.134308468027042, 11.387228266255189], "R": [[0.5266237818837968, -0.0017663467916227097, 0.8500966253158619], [-0.49436957532078507, 0.8128769249281927, 0.30794452084171153], [-0.6915678674949793, -0.5824328158150917, 0.42720709229851245]], "omega_spin": 20.1195464241488, "tether_tension": 186.84349647577582, "tether_rest_length": 50.2899999999992, "swash_collective": -0.34044790573111766, "swash_tilt_lon": 0.01082486769642528, "swash_tilt_lat": -0.009176531056331878, "body_z_eq": [0.8462812187702143, 0.31828160613140954, 0.4272059432582967], "wind_enu": [10.0, 0.0, 0.0]}, {"t": 0.9, "pos_enu": [46.658320606068244, 15.18359361394809, 11.265836599676998], "R": [[0.5268002341333445, -0.001975886509686657, 0.849986828832984], [-0.4943056205321868, 0.812800977658911, 0.3082475048187863], [-0.6914791875590636, -0.5825381245800304, 0.4272070535272538]], "omega_spin": 20.113691406840413, "tether_tension": 187.77871840924624, "tether_rest_length": 50.30999999999916, "swash_collective": -0.3408601383416652, "swash_tilt_lon": 0.011123749928436432, "swash_tilt_lat": -0.00943630432004918, "body_z_eq": [0.8460471321273583, 0.3189033274581205, 0.4272059432582967], "wind_enu": [10.0, 0.0, 0.0]}, {"t": 0.9500000000000001, "pos_enu": [46.694305457069895, 15.232026641648261, 11.140801174318272], "R": [[0.5269835717101504, -0.0021936239228477917, 0.8498726393770402], [-0.4942390947805117, 0.8127219696133753, 0.3085623394037193], [-0.6913870351244322, -0.5826475676786447, 0.4272069516522474]], "omega_spin": 20.107582615516012, "tether_tension": 188.62820942414885, "tether_rest_length": 50.32999999999911, "swash_collective": -0.34122307557667253, "swash_tilt_lon": 0.011389695816120848, "swash_tilt_lat": -0.009668638501161616, "body_z_eq": [0.8458198203255749, 0.3195057332649933, 0.4272059432582967], "wind_enu": [10.0, 0.0, 0.0]}, {"t": 1.0, "pos_enu": [46.73095369106246, 15.279560217785347, 11.012515527097925], "R": [[0.5271732376683709, -0.0024189027613652427, 0.8497543918072316], [-0.4941701918228941, 0.8126401290064597, 0.3088880739719305], [-0.6912916887971178, -0.5827608168346565, 0.42720677822599334]], "omega_spin": 20.101241859761487, "tether_tension": 189.51180071814298, "tether_rest_length": 50.34999999999906, "swash_collective": -0.3416125892648392, "swash_tilt_lon": 0.011624942330566762, "swash_tilt_lat": -0.009875376612363408, "body_z_eq": [0.8455994387960918, 0.320088536427851, 0.4272059432582968], "wind_enu": [10.0, 0.0, 0.0]}, {"t": 1.05, "pos_enu": [46.768140543333416, 15.326136878239073, 10.881353854741594], "R": [[0.5273686627472028, -0.0026510517845801745, 0.8496324296286378], [-0.49409911056499245, 0.8125556902853276, 0.3092237363525285], [-0.6911934334837898, -0.5828775361166105, 0.42720652546458104]], "omega_spin": 20.094689742596568, "tether_tension": 190.2700093139997, "tether_rest_length": 50.36999999999902, "swash_collective": -0.3419429437341393, "swash_tilt_lon": 0.011829790236807787, "swash_tilt_lat": -0.010056731262705683, "body_z_eq": [0.8453861143006934, 0.3206515239202267, 0.4272059432582967], "wind_enu": [10.0, 0.0, 0.0]}, {"t": 1.1, "pos_enu": [46.80578813703896, 15.371717856192122, 10.74770211420547], "R": [[0.5275693048514943, -0.002889431525136605, 0.8495070804672392], [-0.49402604077975326, 0.81246887722146, 0.3095684004836121], [-0.6910925405544418, -0.5829974054247259, 0.42720618635273244]], "omega_spin": 20.08794485819276, "tether_tension": 191.0113296802142, "tether_rest_length": 50.38999999999897, "swash_collective": -0.34226709409238126, "swash_tilt_lon": 0.01200536507278791, "swash_tilt_lat": -0.010213608340331125, "body_z_eq": [0.8451799494626937, 0.3211945439621092, 0.4272059432582967], "wind_enu": [10.0, 0.0, 0.0]}, {"t": 1.1500000000000001, "pos_enu": [46.84379789065351, 15.416261409753517, 10.611931514115048], "R": [[0.5277746072175086, -0.0031333845042530446, 0.849378682260129], [-0.4939511783800724, 0.8123799210865242, 0.3099211144668775], [-0.6909892888846703, -0.5831200954494726, 0.42720575479463724]], "omega_spin": 20.081024680548857, "tether_tension": 191.68883597731156, "tether_rest_length": 50.409999999998924, "swash_collective": -0.34256478022358516, "swash_tilt_lon": 0.01215290674317213, "swash_tilt_lat": -0.010347010462342805, "body_z_eq": [0.8449810202611925, 0.3217175118689423, 0.4272059432582967], "wind_enu": [10.0, 0.0, 0.0]}, {"t": 1.2, "pos_enu": [46.882082136674676, 15.459732803997005, 10.474409973799004], "R": [[0.5279840295335471, -0.003382272140876966, 0.8492475639015303], [-0.49387471414604817, 0.8122890472840293, 0.31028095395876903], [-0.6908839492162757, -0.5832452862197602, 0.4272052256442482]], "omega_spin": 20.07394550396576, "tether_tension": 192.30093799259325, "tether_rest_length": 50.42999999999888, "swash_collective": -0.3428317897369657, "swash_tilt_lon": 0.012273272971774041, "swash_tilt_lat": -0.010457618611891557, "body_z_eq": [0.844789378280218, 0.3222204034348406, 0.4272059432582967], "wind_enu": [10.0, 0.0, 0.0]}, {"t": 1.25, "pos_enu": [46.92056128483857, 15.502103348887474, 10.335499225219628], "R": [[0.5281970387490377, -0.0036354637550662042, 0.8491140510320352], [-0.4937968371042665, 0.8121964793935783, 0.3106470063053881], [-0.6907767887838803, -0.5833726615671697, 0.4272045947944231]], "omega_spin": 20.066722650752727, "tether_tension": 192.86640305216523, "tether_rest_length": 50.44999999999883, "swash_collective": -0.34307892574227733, "swash_tilt_lon": 0.012367752279808197, "swash_tilt_lat": -0.010546476819158046, "body_z_eq": [0.8446050513398168, 0.32270325268899036, 0.4272059432582967], "wind_enu": [10.0, 0.0, 0.0]}, {"t": 1.3, "pos_enu": [46.959153795086344, 15.543347029257804, 10.19555053445051], "R": [[0.5284131094551265, -0.003892336992884327, 0.8489784658450995], [-0.49371773441926686, 0.8121024390533587, 0.3110183711671916], [-0.6906680711281435, -0.5835019093339121, 0.4272038592145545]], "omega_spin": 20.059370800768658, "tether_tension": 193.36431648729032, "tether_rest_length": 50.469999999998784, "swash_collective": -0.3432950178206124, "swash_tilt_lon": 0.012437422389654021, "swash_tilt_lat": -0.010614452730466304, "body_z_eq": [0.8444280439678461, 0.3231661501541061, 0.4272059432582967], "wind_enu": [10.0, 0.0, 0.0]}, {"t": 1.35, "pos_enu": [46.997788102277426, 15.583444230733177, 10.054908008843542], "R": [[0.5286317317774114, -0.004152287179398405, 0.8488411221596154], [-0.4936375885208687, 0.8120071425576411, 0.31139417405384695], [-0.6905580521269129, -0.5836327260757026, 0.42720301695578894]], "omega_spin": 20.051904069389337, "tether_tension": 193.8061343307702, "tether_rest_length": 50.48999999999874, "swash_collective": -0.3434851809746016, "swash_tilt_lon": 0.012483442225703838, "swash_tilt_lat": -0.01066248326895614, "body_z_eq": [0.8442583389350902, 0.32360923840853406, 0.4272059432582967], "wind_enu": [10.0, 0.0, 0.0]}, {"t": 1.4000000000000001, "pos_enu": [47.03639506646564, 15.622379169886512, 9.913904857505308], "R": [[0.5288524070939277, -0.004414722221011014, 0.848702328109609], [-0.4935565786729827, 0.8119108027261323, 0.31177355895782455], [-0.6904469821496637, -0.5837648144966603, 0.42720206717208437]], "omega_spin": 20.04433626272116, "tether_tension": 194.1878280254738, "tether_rest_length": 50.50999999999869, "swash_collective": -0.343647588456853, "swash_tilt_lon": 0.012507014978765137, "swash_tilt_lat": -0.010691544042782098, "body_z_eq": [0.8440958979505035, 0.32403270993515776, 0.4272059432582967], "wind_enu": [10.0, 0.0, 0.0]}, {"t": 1.45, "pos_enu": [47.07491079510733, 15.660140655000376, 9.772863722490941], "R": [[0.529074652741627, -0.004679068212884802, 0.8485623831793313], [-0.4934748792418884, 0.8118136268425359, 0.31215569645606667], [-0.6903351036877164, -0.583897886272444, 0.4272010100913178]], "omega_spin": 20.036681022624734, "tether_tension": 194.50789412871345, "tether_rest_length": 50.529999999998644, "swash_collective": -0.3437808117711096, "swash_tilt_lon": 0.012509284630107238, "swash_tilt_lat": -0.010702562430719178, "body_z_eq": [0.8439406629166203, 0.3244368035852969, 0.4272059432582968], "wind_enu": [10.0, 0.0, 0.0]}, {"t": 1.5, "pos_enu": [47.113277119890036, 15.696722094381174, 9.632096001216848], "R": [[0.5292980024936279, -0.0049447700248839025, 0.8484215778760323], [-0.4933926595016132, 0.811715816418127, 0.31253978455002945], [-0.6902226511106256, -0.58403166234893, 0.4271998469893977]], "omega_spin": 20.028951962909073, "tether_tension": 194.76951564710498, "tether_rest_length": 50.5499999999986, "swash_collective": -0.3438863005022898, "swash_tilt_lon": 0.012491444030071117, "swash_tilt_lat": -0.01069650868289433, "body_z_eq": [0.8437925571042131, 0.32482180133162597, 0.4272059432582967], "wind_enu": [10.0, 0.0, 0.0]}, {"t": 1.55, "pos_enu": [47.15143991093314, 15.732120786554006, 9.491900611350117], "R": [[0.5295220071753964, -0.005211292070180196, 0.8482801933040158], [-0.49331008338052523, 0.81161756687896, 0.3129250497620414], [-0.6901098503514049, -0.5841658733343088, 0.42719858014689777]], "omega_spin": 20.02116280977048, "tether_tension": 194.9706502954339, "tether_rest_length": 50.56999999999855, "swash_collective": -0.34396271887935875, "swash_tilt_lon": 0.012454656081650785, "swash_tilt_lat": -0.010674329873007997, "body_z_eq": [0.8436514862800881, 0.3251880252133946, 0.4272059432582967], "wind_enu": [10.0, 0.0, 0.0]}, {"t": 1.6, "pos_enu": [47.189350500727194, 15.76633821951424, 9.35256391349207], "R": [[0.5297462366413928, -0.005478120700022527, 0.8481384998677264], [-0.49322730869795145, 0.8115190666434607, 0.3133107505795193], [-0.6899969179053315, -0.5843002607116666, 0.42719721278751444]], "omega_spin": 20.0133274841686, "tether_tension": 195.11317223330133, "tether_rest_length": 50.589999999998504, "swash_collective": -0.34401064049897306, "swash_tilt_lon": 0.012400075591004226, "swash_tilt_lat": -0.01063696836473015, "body_z_eq": [0.8435173400000487, 0.325535833916992, 0.4272059432582968], "wind_enu": [10.0, 0.0, 0.0]}, {"t": 1.6500000000000001, "pos_enu": [47.2269647900199, 15.799379611200003, 9.214358872670775], "R": [[0.5299702799823336, -0.005744764502735162, 0.8479967570788552], [-0.4931444870442927, 0.8114204969620394, 0.31369617786593845], [-0.6898840607183704, -0.5844345769978745, 0.4271957490144848]], "omega_spin": 20.005460180451315, "tether_tension": 195.1978560734878, "tether_rest_length": 50.60999999999846, "swash_collective": -0.34403021844097437, "swash_tilt_lon": 0.012328849523239593, "swash_tilt_lat": -0.010585362185068488, "body_z_eq": [0.843389992815614, 0.3258656196398565, 0.4272059432582967], "wind_enu": [10.0, 0.0, 0.0]}, {"t": 1.7, "pos_enu": [47.264243291434596, 15.831253750806242, 9.077544682225593], "R": [[0.5301937466122733, -0.006010755657611127, 0.8478552127985444], [-0.4930617633302535, 0.8113220313598646, 0.3140806567933853], [-0.6897714756315324, -0.5845685864349256, 0.427194193732278]], "omega_spin": 19.997575411065927, "tether_tension": 195.22555511762044, "tether_rest_length": 50.62999999999841, "swash_collective": -0.344021547175376, "swash_tilt_lon": 0.01224209745139927, "swash_tilt_lat": -0.010520428673166233, "body_z_eq": [0.843269305536243, 0.32617780486294795, 0.4272059432582967], "wind_enu": [10.0, 0.0, 0.0]}, {"t": 1.75, "pos_enu": [47.30115113084815, 15.861972826257055, 8.942366430657616], "R": [[0.5304162668764837, -0.006275650722943401, 0.8477141027733456], [-0.49297927550678433, 0.811223835280967, 0.31446354795563325], [-0.6896593490656245, -0.5847020653974478, 0.4271925525642242]], "omega_spin": 19.989688024341593, "tether_tension": 195.1980841519148, "tether_rest_length": 50.649999999998364, "swash_collective": -0.343985260505845, "swash_tilt_lon": 0.012140922084841082, "swash_tilt_lat": -0.010443073392079252, "body_z_eq": [0.8431551264871103, 0.32647283918159903, 0.4272059432582967], "wind_enu": [10.0, 0.0, 0.0]}, {"t": 1.8, "pos_enu": [47.33765763518846, 15.891552114696262, 8.809054725162675], "R": [[0.5306374924274448, -0.006539031152741862, 0.8475736503112261], [-0.4928971543662315, 0.8111260658270544, 0.31484424808720407], [-0.6895478568221244, -0.5848348026644004, 0.4271908317655085]], "omega_spin": 19.981813202541424, "tether_tension": 195.11680382360987, "tether_rest_length": 50.66999999999832, "swash_collective": -0.3439217645195994, "swash_tilt_lon": 0.012026399022163814, "swash_tilt_lat": -0.010354181567317955, "body_z_eq": [0.8430472927429781, 0.3267511962388575, 0.4272059432582967], "wind_enu": [10.0, 0.0, 0.0]}, {"t": 1.85, "pos_enu": [47.373736302116406, 15.920009799016164, 8.677825534897023], "R": [[0.5308570966896567, -0.006800503921267605, 0.8474340658957751], [-0.49281552330686446, 0.8110288714517295, 0.315222190937624], [-0.689437163838743, -0.5849665997457891, 0.4271890381316443]], "omega_spin": 19.973966432683497, "tether_tension": 194.9836488516679, "tether_rest_length": 50.68999999999827, "swash_collective": -0.3438317477331804, "swash_tilt_lon": 0.01189957569913469, "swash_tilt_lat": -0.01025461720907856, "body_z_eq": [0.8429456313619327, 0.32701337069395414, 0.4272059432582967], "wind_enu": [10.0, 0.0, 0.0]}, {"t": 1.9000000000000001, "pos_enu": [47.4093645140544, 15.94736670220247, 8.548880025754787], "R": [[0.5310747749971425, -0.007059701758874082, 0.847295547004001], [-0.49273449821608006, 0.810932391795404, 0.31559684758364304], [-0.6893274241095313, -0.5850972710140255, 0.4271871789069255]], "omega_spin": 19.966163458998217, "tether_tension": 194.8006600264364, "tether_rest_length": 50.709999999998224, "swash_collective": -0.3437159792849829, "swash_tilt_lon": 0.011761470785276987, "swash_tilt_lat": -0.010145222600074541, "body_z_eq": [0.8428499605852405, 0.32725987530744927, 0.4272059432582967], "wind_enu": [10.0, 0.0, 0.0]}, {"t": 1.95, "pos_enu": [47.444523309082605, 15.973646042841706, 8.422404502655992], "R": [[0.5312902446949784, -0.007316283344890763, 0.8471582779445445], [-0.49265418736537103, 0.810836757534033, 0.31596772667958045], [-0.6892187806228982, -0.5852266438139262, 0.42718526169212817]], "omega_spin": 19.958420216833186, "tether_tension": 194.56997150464824, "tether_rest_length": 50.72999999999818, "swash_collective": -0.3435752742054138, "swash_tilt_lon": 0.01161307018285421, "swash_tilt_lat": -0.010026814901349795, "body_z_eq": [0.8427600910102293, 0.32749123811976855, 0.4272059432582967], "wind_enu": [10.0, 0.0, 0.0]}, {"t": 2.0, "pos_enu": [47.479197176628844, 15.998873202669007, 8.298570435609973], "R": [[0.5315032451002853, -0.0075699333315580875, 0.8470224297840181], [-0.4925746913567836, 0.8107420902895274, 0.3163343744643268], [-0.6891113653703845, -0.585354558487694, 0.4271832943538887]], "omega_spin": 19.950752750846757, "tether_tension": 194.29398036843645, "tether_rest_length": 50.74999999999813, "swash_collective": -0.34341059516657496, "swash_tilt_lon": 0.011455327144890679, "swash_tilt_lat": -0.009900186197992659, "body_z_eq": [0.8426758267279629, 0.3277079997393002, 0.4272059432582968], "wind_enu": [10.0, 0.0, 0.0]}, {"t": 2.05, "pos_enu": [47.51337378366341, 16.02307547565341, 8.17753453744154], "R": [[0.5317135373180865, -0.007820362192799316, 0.8468881603658546], [-0.4924961031235765, 0.8106485026053714, 0.3166963745162872], [-0.6890052994286617, -0.5854808683115462, 0.42718128493694324]], "omega_spin": 19.94317712210964, "tether_tension": 193.9751330805788, "tether_rest_length": 50.769999999998085, "swash_collective": -0.3432229427951828, "swash_tilt_lon": 0.011289160560630236, "swash_tilt_lat": -0.009766101989975415, "body_z_eq": [0.8425969664174273, 0.3279107107566597, 0.4272059432582967], "wind_enu": [10.0, 0.0, 0.0]}, {"t": 2.1, "pos_enu": [47.54704374710572, 16.04628183772155, 8.059438926977398], "R": [[0.5319209039763173, -0.00806730597338881, 0.8467556143819476], [-0.4924185079619677, 0.8105560979602867, 0.31705334736587054], [-0.6889006930824846, -0.5856054393819486, 0.4271792415798631]], "omega_spin": 19.935709306088736, "tether_tension": 193.61600985180667, "tether_rest_length": 50.78999999999804, "swash_collective": -0.3430133957699278, "swash_tilt_lon": 0.01111545419976408, "swash_tilt_lat": -0.009625300469903873, "body_z_eq": [0.8425233043958278, 0.328099929281803, 0.4272059432582967], "wind_enu": [10.0, 0.0, 0.0]}, {"t": 2.15, "pos_enu": [47.58020038479567, 16.068522715492872, 7.9444113469751265], "R": [[0.5321251488352622, -0.008310525884590742, 0.8466249235266892], [-0.49234198361139925, 0.8104649708409888, 0.317404949887848], [-0.6887976460112533, -0.5857281504240989, 0.42717717243565423]], "omega_spin": 19.928365085603563, "tether_tension": 193.21927096528623, "tether_rest_length": 50.80999999999799, "swash_collective": -0.34278308699138704, "swash_tilt_lon": 0.01093505633918744, "swash_tilt_lat": -0.00947849211033885, "body_z_eq": [0.8424546316184567, 0.3282762186168825, 0.4272059432582967], "wind_enu": [10.0, 0.0, 0.0]}, {"t": 2.2, "pos_enu": [47.61283948179129, 16.089829766656923, 7.832565448409098], "R": [[0.5323260963217, -0.008549807805582909, 0.8464962067023034], [-0.492266600365212, 0.8103752068526904, 0.31775087455951323], [-0.688696247513937, -0.5858488925524621, 0.4271750855975522]], "omega_spin": 19.921159941835302, "tether_tension": 192.7876837921472, "tether_rest_length": 50.829999999997945, "swash_collective": -0.3425332168510862, "swash_tilt_lon": 0.010748779303559693, "swash_tilt_lat": -0.009326359166091024, "body_z_eq": [0.8423907366270922, 0.32844014506398855, 0.4272059432582967], "wind_enu": [10.0, 0.0, 0.0]}, {"t": 2.25, "pos_enu": [47.644959041572484, 16.110235662430373, 7.724001122646727], "R": [[0.5325235909656869, -0.00878496166396028, 0.8463695702904099], [-0.4921924212205515, 0.8102868828780402, 0.3180908485461978], [-0.688596576783578, -0.5859675689697779, 0.4271729890308921]], "omega_spin": 19.914108946806675, "tether_tension": 192.32402577242937, "tether_rest_length": 50.8499999999979, "swash_collective": -0.3422650064269641, "swash_tilt_lon": 0.010557399565887679, "swash_tilt_lat": -0.009169555638980514, "body_z_eq": [0.8423314064433305, 0.328592275873901, 0.4272059432582968], "wind_enu": [10.0, 0.0, 0.0]}, {"t": 2.3000000000000003, "pos_enu": [47.676559064008835, 16.129773886429874, 7.618804888785753], "R": [[0.5327174967734796, -0.009015820734944951, 0.8462451084690971], [-0.4921195020554363, 0.8102000672702542, 0.3184246326715074], [-0.6884987032145437, -0.5860840946244404, 0.4271708905112121]], "omega_spin": 19.907226659578065, "tether_tension": 191.83110973694826, "tether_rest_length": 50.86999999999785, "swash_collective": -0.34197970719178006, "swash_tilt_lon": 0.010361657763857755, "swash_tilt_lat": -0.009008707164220845, "body_z_eq": [0.8422764274062022, 0.3287331773348004, 0.4272059432582967], "wind_enu": [10.0, 0.0, 0.0]}, {"t": 2.35, "pos_enu": [47.70764132532224, 16.148478542009354, 7.5170503216215705], "R": [[0.5329076965281544, -0.009242240849083079, 0.8461229035814739], [-0.4920478918365398, 0.8101148200847497, 0.3187520202575509], [-0.6884026867468442, -0.5861983958210231, 0.42716879756904713]], "omega_spin": 19.900527028910645, "tether_tension": 191.31176576202085, "tether_rest_length": 50.889999999997805, "swash_collective": -0.3416785949912151, "swash_tilt_lon": 0.010162259226334042, "swash_tilt_lat": -0.008844411321301711, "body_z_eq": [0.8422255859523934, 0.3288634130029312, 0.4272059432582967], "wind_enu": [10.0, 0.0, 0.0]}, {"t": 2.4, "pos_enu": [47.738209164351346, 16.166384169647813, 7.418798516566233], "R": [[0.5330940910374699, -0.00946409953169074, 0.8460030265436335], [-0.49197763285064877, 0.810031193340933, 0.3190728358687653], [-0.6883085782377018, -0.5863104097956288, 0.42716671744141743]], "omega_spin": 19.894023304460386, "tether_tension": 190.76880309940063, "tether_rest_length": 50.90999999999776, "swash_collective": -0.34136294938543715, "swash_tilt_lon": 0.009959874305885623, "swash_tilt_lat": -0.008677237779023994, "body_z_eq": [0.8421786693388781, 0.32898354207374203, 0.4272059432582967], "wind_enu": [10.0, 0.0, 0.0]}, {"t": 2.45, "pos_enu": [47.76826728677019, 16.18352557839908, 7.324098588900153], "R": [[0.5332765983400545, -0.009681295087263835, 0.845885537285213], [-0.4919087609558382, 0.8099492313094434, 0.3193869339784164], [-0.6882164198547956, -0.5864200842627022, 0.42716465703001805]], "omega_spin": 19.88772795790554, "tether_tension": 190.2050133628876, "tether_rest_length": 50.92999999999771, "swash_collective": -0.34103405543641946, "swash_tilt_lon": 0.00975513902862689, "swash_tilt_lat": -0.008507728705825508, "body_z_eq": [0.8421354663083607, 0.32909411789089904, 0.4272059432582968], "wind_enu": [10.0, 0.0, 0.0]}, {"t": 2.5, "pos_enu": [47.79782157624826, 16.199937687739496, 7.232988197970279], "R": [[0.5334551528739083, -0.009893745633752227, 0.8457704852201983], [-0.49184130585099406, 0.8098689708231859, 0.3196941975647706], [-0.688126245489201, -0.5865273769357474, 0.42716262286605516]], "omega_spin": 19.881652615328626, "tether_tension": 189.62314384864786, "tether_rest_length": 50.949999999997665, "swash_collective": -0.34069319055230446, "swash_tilt_lon": 0.009548655802276531, "swash_tilt_lat": -0.008336399229889165, "body_z_eq": [0.842095767697855, 0.3291956865910446, 0.4272059432582968], "wind_enu": [10.0, 0.0, 0.0]}, {"t": 2.5500000000000003, "pos_enu": [47.82687892041846, 16.21565538238458, 7.145494093471054], "R": [[0.533629704621062, -0.010101388103385891, 0.8456579097391702], [-0.4917752913585296, 0.8097904416059564, 0.3199945366609613], [-0.6880380811810285, -0.5866322550303681, 0.4271606210814779]], "omega_spin": 19.875808001471253, "tether_tension": 189.0258859403943, "tether_rest_length": 50.96999999999762, "swash_collective": -0.3403416178981536, "swash_tilt_lon": 0.009340994171722215, "swash_tilt_lat": -0.008163737940966894, "body_z_eq": [0.8420593669916733, 0.32928878588007116, 0.4272059432582967], "wind_enu": [10.0, 0.0, 0.0]}, {"t": 2.6, "pos_enu": [47.8554470498564, 16.23071337935627, 7.06163267772954], "R": [[0.5338002182345568, -0.010304177217649388, 0.8455478407190253], [-0.49171073571796614, 0.8097136666158142, 0.3202878868694072], [-0.6879519455546559, -0.5867346947534645, 0.42715865738636644]], "omega_spin": 19.870203896188382, "tether_tension": 188.4158646603148, "tether_rest_length": 50.98999999999757, "swash_collective": -0.33998058117883984, "swash_tilt_lon": 0.009132691693967207, "swash_tilt_lat": -0.007990207495800681, "body_z_eq": [0.8420260608202047, 0.3293739439366721, 0.4272059432582967], "wind_enu": [10.0, 0.0, 0.0]}, {"t": 2.65, "pos_enu": [47.88353438920298, 16.245146106824013, 6.981410578832677], "R": [[0.5339666721561265, -0.010502084446700189, 0.8454402990446963], [-0.4916476518871558, 0.8096386623992526, 0.32057420785552126], [-0.6878678502593051, -0.5868346807837991, 0.42715673705212615]], "omega_spin": 19.86484910307722, "tether_tension": 187.7956239273525, "tether_rest_length": 51.009999999997525, "swash_collective": -0.33961129673789436, "swash_tilt_lon": 0.008924254824532556, "swash_tilt_lat": -0.007816245237435118, "body_z_eq": [0.8419956494062424, 0.3294516784382031, 0.4272059432582967], "wind_enu": [10.0, 0.0, 0.0]}, {"t": 2.7, "pos_enu": [47.91114992234153, 16.258987595129064, 6.904825230538017], "R": [[0.5341290577326111, -0.010695096963123197, 0.8453352971375451], [-0.4915860478480041, 0.8095654394523187, 0.32085348183486134], [-0.6877858004108933, -0.5869322057489458, 0.4271548649001017]], "omega_spin": 19.859751429885108, "tether_tension": 187.16761907192344, "tether_rest_length": 51.02999999999748, "swash_collective": -0.33923494933105336, "swash_tilt_lon": 0.008716159853827366, "swash_tilt_lat": -0.007642263861589451, "body_z_eq": [0.8419679369609474, 0.32952249570327513, 0.4272059432582967], "wind_enu": [10.0, 0.0, 0.0]}, {"t": 2.75, "pos_enu": [47.93830306992495, 16.272271379144264, 6.831865454140068], "R": [[0.5342873783370333, -0.010883216597449624, 0.8452328394863938], [-0.49152592691430147, 0.8094940025857096, 0.32112571206430046], [-0.6877057950321322, -0.5870272697024047, 0.4271530452952001]], "omega_spin": 19.854917680103565, "tether_tension": 186.53420744823623, "tether_rest_length": 51.04999999999743, "swash_collective": -0.33885268701045784, "swash_tilt_lon": 0.008508853868020793, "swash_tilt_lat": -0.007468652109454705, "body_z_eq": [0.8419427320316771, 0.32958688994531393, 0.4272059432582967], "wind_enu": [10.0, 0.0, 0.0]}, {"t": 2.8000000000000003, "pos_enu": [47.96500357957422, 16.285030411765696, 6.762512038550931], "R": [[0.5344416485008618, -0.01106645880357861, 0.8451329231767207], [-0.49146728803901313, 0.809424351290554, 0.32139092134882036], [-0.6876278274875586, -0.5871198796050209, 0.4271512821440742]], "omega_spin": 19.85035365492662, "tether_tension": 185.89764123076327, "tether_rest_length": 51.069999999997385, "swash_collective": -0.33846561691250254, "swash_tilt_lon": 0.008302755714868123, "swash_tilt_lat": -0.007295775470939969, "body_z_eq": [0.8419198478041295, 0.3296453426309256, 0.4272059432582968], "wind_enu": [10.0, 0.0, 0.0]}, {"t": 2.85, "pos_enu": [47.991261428297626, 16.297296988047023, 6.696738314952726], "R": [[0.534591893062621, -0.011244851640622507, 0.8450355384143923], [-0.49141012611886586, 0.8093564801021755, 0.3216491505731941], [-0.6875518859108483, -0.5872100488140483, 0.4271495788974157]], "omega_spin": 19.84606416461431, "tether_tension": 185.26006221585405, "tether_rest_length": 51.08999999999734, "swash_collective": -0.3380748021205241, "swash_tilt_lon": 0.008098256979788224, "swash_tilt_lat": -0.007123976903222793, "body_z_eq": [0.8418991023613641, 0.3296983219367646, 0.4272059432582968], "wind_enu": [10.0, 0.0, 0.0]}, {"t": 2.9, "pos_enu": [48.017086736302076, 16.3091026793388, 6.6345107226934905], "R": [[0.5347381463374205, -0.011418434776992066, 0.8449406690406499], [-0.49135443229427256, 0.8092903789593648, 0.32190045726680977], [-0.6874779536220729, -0.5872977965828338, 0.4271479385559016]], "omega_spin": 19.842053048218535, "tether_tension": 184.62349691334487, "tether_rest_length": 51.10999999999729, "swash_collective": -0.3376812586113876, "swash_tilt_lon": 0.007895722954563594, "swash_tilt_lat": -0.006953577550023253, "body_z_eq": [0.841880318902336, 0.32974628229851227, 0.4272059432582968], "wind_enu": [10.0, 0.0, 0.0]}, {"t": 2.95, "pos_enu": [48.04248969186531, 16.320478276948737, 6.575789363640546], "R": [[0.5348804513114536, -0.011587258521908379, 0.844848293035383], [-0.49130019424282084, 0.809226033556914, 0.32214491420898045], [-0.6874060095328108, -0.5873831475737886, 0.4271463636793446]], "omega_spin": 19.838323200570677, "tether_tension": 183.98985356518986, "tether_rest_length": 51.129999999997246, "swash_collective": -0.33728595314022225, "swash_tilt_lon": 0.007695493596537108, "swash_tilt_lat": -0.00678487745990178, "body_z_eq": [0.8418633259226393, 0.3297896640455259, 0.4272059432582967], "wind_enu": [10.0, 0.0, 0.0]}, {"t": 3.0, "pos_enu": [48.06748048643949, 16.331453744663097, 6.520528542428623], "R": [[0.5350188588646502, -0.011751382888479706, 0.8447583830062748], [-0.49124739646486687, 0.8091634256895538, 0.322382608080579], [-0.687336028537467, -0.5874661313867842, 0.4271448563986086]], "omega_spin": 19.83487660542974, "tether_tension": 183.36092002993564, "tether_rest_length": 51.1499999999972, "swash_collective": -0.3368898015711566, "swash_tilt_lon": 0.007497884473742023, "swash_tilt_lat": -0.006618156299784844, "body_z_eq": [0.8418479573601553, 0.32982889311478325, 0.42720594325829664], "wind_enu": [10.0, 0.0, 0.0]}, {"t": 3.0500000000000003, "pos_enu": [48.092069259314634, 16.342058179519878, 6.468677290469015], "R": [[0.5351534270241727, -0.011910876691871195, 0.8446709066617096], [-0.4911960205599701, 0.8091025335856539, 0.3226136381669653], [-0.6872679818894033, -0.5875467821048013, 0.4271434184298755]], "omega_spin": 19.831714373710867, "tether_tension": 182.73836268475327, "tether_rest_length": 51.16999999999715, "swash_collective": -0.3364936676900452, "swash_tilt_lon": 0.007303187690184519, "swash_tilt_lat": -0.006453674058735458, "body_z_eq": [0.8418340527082842, 0.3298643808378447, 0.4272059432582967], "wind_enu": [10.0, 0.0, 0.0]}, {"t": 3.1, "pos_enu": [48.11626605114806, 16.352319780218753, 6.4201798719240974], "R": [[0.5352842202507972, -0.012065816685316127, 0.8445858272657744], [-0.4911460454931368, 0.8090433322293494, 0.3228381151160507], [-0.6872018375608072, -0.5876251378582664, 0.4271420510908555]], "omega_spin": 19.82883678576162, "tether_tension": 182.12372644530802, "tether_rest_length": 51.189999999997106, "swash_collective": -0.33609836258607645, "swash_tilt_lon": 0.007111672790190166, "swash_tilt_lat": -0.006291671740945404, "body_z_eq": [0.8418214570993995, 0.32989652379470874, 0.4272059432582967], "wind_enu": [10.0, 0.0, 0.0]}, {"t": 3.15, "pos_enu": [48.14008076557384, 16.36226582252796, 6.374976270156949], "R": [[0.5354113087596791, -0.01221628673602759, 0.844503104074006], [-0.49109744785006804, 0.80898579367002, 0.323056159754365], [-0.6871375605855046, -0.5877012404091646, 0.42714075531858503]], "omega_spin": 19.826243336722126, "tether_tension": 181.51843551875038, "tether_rest_length": 51.20999999999706, "swash_collective": -0.33570464440297754, "swash_tilt_lon": 0.0069235876388782595, "swash_tilt_lat": -0.006132372045200279, "body_z_eq": [0.8418100213610838, 0.3299257037286434,