[{"t_sim": 0.0, "hub_pos_x": 13.888130274089397, "hub_pos_y": 47.5124730532879, "hub_pos_z": -7.11555630878646, "hub_vel_x": 0.007709255300493092, "hub_vel_y": 0.04690290885519438, "hub_vel_z": -0.02452452823017048, "tether_length": 50.009400355088836, "tether_extension": 0.035483289787642036, "tether_tension": 199.54342512432328, "tether_rest_length": 49.973917065301194, "tether_slack": 0, "collective_rad": -0.19999984589328737, "collective_norm": 0.21052672133345435, "pumping_phase": "reel-out", "tension_setpoint": 0.0, "collective_from_tension_ctrl": 0.21052672133345435, "omega_rotor": 19.349230782570217, "pos_ned": [13.888130274089397, 47.5124730532879, -7.11555630878646], "R": [[-0.5049506390329922, 0.817987566474462, 0.2755380068762938], [0.47898950674019813, -8.421045443162325e-06, 0.8778206265301971], [0.7180486784146006, 0.5752359003246178, -0.3918032087729398]], "swash_collective": -0.19999984589328737, "swash_tilt_lon": 0.0, "swash_tilt_lat": -0.0, "body_z_eq": [0.27554339693176627, 0.8778080695616921, -0.3918275506133772], "wind_ned": [0.0, 9.525475862669087, 0.0], "wind_est_ned": [0.0, 0.0, 0.0]}, {"t_sim": 0.05, "hub_pos_x": 13.891658114532063, "hub_pos_y": 47.52648895925421, "hub_pos_z": -7.123963638171914, "hub_vel_x": 0.07458495169082664, "hub_vel_y": 0.30786022065515656, "hub_vel_z": -0.2633284295630716, "tether_length": 50.02406253019111, "tether_extension": 0.04998888923184097, "tether_tension": 287.13226041818746, "tether_rest_length": 49.97407364095927, "tether_slack": 0, "collective_rad": -0.20058765860207492, "collective_norm": 0.20897984578401343, "pumping_phase": "reel-out", "tension_setpoint": 0.0, "collective_from_tension_ctrl": 0.20897984578401343, "omega_rotor": 19.347823588357898, "pos_ned": [13.891658114532063, 47.52648895925421, -7.123963638171914], "R": [[-0.5055773858610461, 0.8176930691453705, 0.27526269557921523], [0.4769903944867002, -0.0009478218816367902, 0.8789079958682269], [0.7189378766439652, 0.5756536687152314, -0.38955254231151104]], "swash_collective": -0.20058765860207492, "swash_tilt_lon": 0.017780127396807174, "swash_tilt_lat": 0.034345592701456096, "body_z_eq": [0.27553414495059403, 0.8778109736991594, -0.3918275506133772], "wind_ned": [0.0, 9.526965244983762, 0.0], "wind_est_ned": [0.0, 0.0, 0.0]}, {"t_sim": 0.1, "hub_pos_x": 13.892259282055276, "hub_pos_y": 47.53186916097124, "hub_pos_z": -7.140561352688086, "hub_vel_x": -0.051636047620115415, "hub_vel_y": -0.09631076623567808, "hub_vel_z": -0.41297183145749, "tether_length": 50.032696852033666, "tether_extension": 0.058194329924013743, "tether_tension": 327.10842703801774, "tether_rest_length": 49.97450252210965, "tether_slack": 0, "collective_rad": -0.2017803549631953, "collective_norm": 0.20584117114948614, "pumping_phase": "reel-out", "tension_setpoint": 0.0, "collective_from_tension_ctrl": 0.20584117114948614, "omega_rotor": 19.347484939263765, "pos_ned": [13.892259282055276, 47.53186916097124, -7.140561352688086], "R": [[-0.5061736257177631, 0.8173884073008609, 0.275071721988824], [0.4750849014138099, -0.0019214566780246408, 0.8799378639727157], [0.7197795475535302, 0.5760837609362006, -0.38735630020594497]], "swash_collective": -0.2017803549631953, "swash_tilt_lon": 0.017008318976012394, "swash_tilt_lat": 0.03478050286434386, "body_z_eq": [0.27551796036496345, 0.8778160536790448, -0.3918275506133772], "wind_ned": [0.0, 9.530062669674898, 0.0], "wind_est_ned": [0.0, 0.0, 0.0]}, {"t_sim": 0.15, "hub_pos_x": 13.888097794098275, "hub_pos_y": 47.52240977030528, "hub_pos_z": -7.166904888371782, "hub_vel_x": -0.09398353097882876, "hub_vel_y": -0.20947350582092256, "hub_vel_z": -0.6513130386556943, "tether_length": 50.02656187011936, "tether_extension": 0.05135816136702687, "tether_tension": 288.71794938389746, "tether_rest_length": 49.97520370875233, "tether_slack": 0, "collective_rad": -0.20188772870937377, "collective_norm": 0.20555860865954279, "pumping_phase": "reel-out", "tension_setpoint": 0.0, "collective_from_tension_ctrl": 0.20555860865954279, "omega_rotor": 19.34874020027067, "pos_ned": [13.888097794098275, 47.52240977030528, -7.166904888371782], "R": [[-0.5067130202131924, 0.8171270123507678, 0.2748551633736103], [0.47335781265795773, -0.002758420586125067, 0.8808659218698066], [0.720537505159932, 0.5764510706058051, -0.3853957276038776]], "swash_collective": -0.20188772870937377, "swash_tilt_lon": 0.017883896628826855, "swash_tilt_lat": 0.03561192128623214, "body_z_eq": [0.2754945827290488, 0.8778233908180327, -0.3918275506133772], "wind_ned": [0.0, 9.534965679907895, 0.0], "wind_est_ned": [0.0, 0.0, 0.0]}, {"t_sim": 0.2, "hub_pos_x": 13.884056252107449, "hub_pos_y": 47.51515136776365, "hub_pos_z": -7.205591567477948, "hub_vel_x": -0.06773504914722833, "hub_vel_y": -0.07988843191072806, "hub_vel_z": -0.8858248663069338, "tether_length": 50.02369190690811, "tether_extension": 0.047514706020791664, "tether_tension": 267.57030991343623, "tether_rest_length": 49.97617720088732, "tether_slack": 0, "collective_rad": -0.20185941155899725, "collective_norm": 0.2056331274763231, "pumping_phase": "reel-out", "tension_setpoint": 0.0, "collective_from_tension_ctrl": 0.2056331274763231, "omega_rotor": 19.35109473004217, "pos_ned": [13.884056252107449, 47.51515136776365, -7.205591567477948], "R": [[-0.5072039665270112, 0.8168455015328077, 0.27478639515973663], [0.471783381286415, -0.003661224847220455, 0.8817068881292556], [0.7212243600165097, 0.5768448856133114, -0.38351714493688804]], "swash_collective": -0.20185941155899725, "swash_tilt_lon": 0.021508062647316115, "swash_tilt_lat": 0.03620459795252583, "body_z_eq": [0.27546238927070615, 0.8778334937091403, -0.3918275506133772], "wind_ned": [0.0, 9.542191516742061, 0.0], "wind_est_ned": [0.0, 0.0, 0.0]}, {"t_sim": 0.25, "hub_pos_x": 13.880584329271976, "hub_pos_y": 47.51196279478204, "hub_pos_z": -7.254286895412924, "hub_vel_x": -0.0792153622540706, "hub_vel_y": -0.0749498509719628, "hub_vel_z": -1.0533132402634644, "tether_length": 50.0266601743109, "tether_extension": 0.049237175796285726, "tether_tension": 277.83003982792343, "tether_rest_length": 49.97742299851461, "tether_slack": 0, "collective_rad": -0.2026598162009357, "collective_norm": 0.2035267994712219, "pumping_phase": "reel-out", "tension_setpoint": 0.0, "collective_from_tension_ctrl": 0.2035267994712219, "omega_rotor": 19.35421908645363, "pos_ned": [13.880584329271976, 47.51196279478204, -7.254286895412924], "R": [[-0.5076448124589564, 0.8165332798876906, 0.27490024958039183], [0.4703684922778117, -0.004663299420360776, 0.8824577809225859], [0.7218380883936573, 0.5772795306213153, -0.38170422799574055]], "swash_collective": -0.2026598162009357, "swash_tilt_lon": 0.02422228451971311, "swash_tilt_lat": 0.036412597038870044, "body_z_eq": [0.275419696897256, 0.8778468893499282, -0.39182755061337726], "wind_ned": [0.0, 9.551300627520918, 0.0], "wind_est_ned": [0.0, 0.0, 0.0]}, {"t_sim": 0.3, "hub_pos_x": 13.875787719115003, "hub_pos_y": 47.506480344273854, "hub_pos_z": -7.310551986892529, "hub_vel_x": -0.11152065802564175, "hub_vel_y": -0.1404712911612426, "hub_vel_z": -1.196979785722896, "tether_length": 50.028436964661346, "tether_extension": 0.04949586302713982, "tether_tension": 278.43940792885553, "tether_rest_length": 49.978941101634206, "tether_slack": 0, "collective_rad": -0.20324339425694093, "collective_norm": 0.20199106774489234, "pumping_phase": "reel-out", "tension_setpoint": 0.0, "collective_from_tension_ctrl": 0.20199106774489234, "omega_rotor": 19.35817510308685, "pos_ned": [13.875787719115003, 47.506480344273854, -7.310551986892529], "R": [[-0.5080390834535252, 0.8162232443502654, 0.2750925390955365], [0.4691028073652568, -0.005658572471110327, 0.8831254365488656], [0.7223841400568933, 0.5777089197337322, -0.38001783938960954]], "swash_collective": -0.20324339425694093, "swash_tilt_lon": 0.025588041205174994, "swash_tilt_lat": 0.03665328699611256, "body_z_eq": [0.27536586188241563, 0.8778637779804311, -0.3918275506133772], "wind_ned": [0.0, 9.561785242665193, 0.0], "wind_est_ned": [0.0, 0.0, 0.0]}, {"t_sim": 0.35000000000000003, "hub_pos_x": 13.869727341429844, "hub_pos_y": 47.49892605150906, "hub_pos_z": -7.373976446579709, "hub_vel_x": -0.12819895966963052, "hub_vel_y": -0.15248209037355423, "hub_vel_z": -1.3387430094512491, "tether_length": 50.028879280483736, "tether_extension": 0.04814777023762673, "tether_tension": 270.91929133940215, "tether_rest_length": 49.98073151024611, "tether_slack": 0, "collective_rad": -0.20341843901833034, "collective_norm": 0.20153042363597284, "pumping_phase": "reel-out", "tension_setpoint": 0.0, "collective_from_tension_ctrl": 0.20153042363597284, "omega_rotor": 19.362930292142895, "pos_ned": [13.869727341429844, 47.49892605150906, -7.373976446579709], "R": [[-0.5083939679887935, 0.8159249537442828, 0.2753217084975311], [0.46796361477588244, -0.006616096388771503, 0.8837229670629051], [0.7228731759849021, 0.5781199677627165, -0.37845960724433575]], "swash_collective": -0.20341843901833034, "swash_tilt_lon": 0.027049715105729375, "swash_tilt_lat": 0.03693165086840286, "body_z_eq": [0.2753007934625248, 0.8778841858122435, -0.3918275506133772], "wind_ned": [0.0, 9.573531170920788, 0.0], "wind_est_ned": [0.0, 0.0, 0.0]}, {"t_sim": 0.4, "hub_pos_x": 13.863067587088567, "hub_pos_y": 47.49156728224678, "hub_pos_z": -7.444150576308313, "hub_vel_x": -0.13870140307578752, "hub_vel_y": -0.14376187644798558, "hub_vel_z": -1.464612017897571, "tether_length": 50.030374021053426, "tether_extension": 0.0475797967031113, "tether_tension": 268.1643195721896, "tether_rest_length": 49.982794224350314, "tether_slack": 0, "collective_rad": -0.2037363250497575, "collective_norm": 0.20069388144800665, "pumping_phase": "reel-out", "tension_setpoint": 0.0, "collective_from_tension_ctrl": 0.20069388144800665, "omega_rotor": 19.368344524697065, "pos_ned": [13.863067587088567, 47.49156728224678, -7.444150576308313], "R": [[-0.5087130387655975, 0.815631735188435, 0.27560101005506893], [0.46693967106729, -0.007557075945832801, 0.8842568824649999], [0.7233107131609782, 0.5785220507090905, -0.37700643107234405]], "swash_collective": -0.2037363250497575, "swash_tilt_lon": 0.02873523180175, "swash_tilt_lat": 0.03707755836332396, "body_z_eq": [0.27522451312104657, 0.8779081033670918, -0.3918275506133772], "wind_ned": [0.0, 9.586441242141618, 0.0], "wind_est_ned": [0.0, 0.0, 0.0]}, {"t_sim": 0.45, "hub_pos_x": 13.85576473319312, "hub_pos_y": 47.4842088760354, "hub_pos_z": -7.520098221407286, "hub_vel_x": -0.154062951006952, "hub_vel_y": -0.15312975636840698, "hub_vel_z": -1.5705606256798939, "tether_length": 50.03271083913664, "tether_extension": 0.047581595189818415, "tether_tension": 268.2613853227759, "tether_rest_length": 49.98512924394682, "tether_slack": 0, "collective_rad": -0.20420659777304317, "collective_norm": 0.19945632164988644, "pumping_phase": "reel-out", "tension_setpoint": 0.0, "collective_from_tension_ctrl": 0.19945632164988644, "omega_rotor": 19.374330449997416, "pos_ned": [13.85576473319312, 47.4842088760354, -7.520098221407286], "R": [[-0.5089983445409649, 0.8153445159692511, 0.27592391257994425], [0.4660245672224084, -0.008478317037636119, 0.8847311574062354], [0.72370006770742, 0.5789140164299678, -0.37565512585508426]], "swash_collective": -0.20420659777304317, "swash_tilt_lon": 0.030155518109585448, "swash_tilt_lat": 0.037133204609333385, "body_z_eq": [0.2751372266700627, 0.8779354629359882, -0.3918275506133772], "wind_ned": [0.0, 9.600310814650966, 0.0], "wind_est_ned": [0.0, 0.0, 0.0]}, {"t_sim": 0.5, "hub_pos_x": 13.847660593742278, "hub_pos_y": 47.47621313079002, "hub_pos_z": -7.600997279973095, "hub_vel_x": -0.16961804302147468, "hub_vel_y": -0.16546642198720854, "hub_vel_z": -1.6636980642625028, "tether_length": 50.0351026709513, "tether_extension": 0.0473661019156566, "tether_tension": 267.0446005633553, "tether_rest_length": 49.98773656903564, "tether_slack": 0, "collective_rad": -0.20459281506192803, "collective_norm": 0.19843996036334735, "pumping_phase": "reel-out", "tension_setpoint": 0.0, "collective_from_tension_ctrl": 0.19843996036334735, "omega_rotor": 19.380839311845467, "pos_ned": [13.847660593742278, 47.47621313079002, -7.600997279973095], "R": [[-0.5092534169045148, 0.8150688865725051, 0.27626738409108914], [0.4652070136212228, -0.009361760912539364, 0.8851524116841348], [0.7240465398361485, 0.5792884148453806, -0.3744082538850163]], "swash_collective": -0.20459281506192803, "swash_tilt_lon": 0.03130178379628737, "swash_tilt_lat": 0.0371853814068332, "body_z_eq": [0.27503938941385386, 0.8779661182820074, -0.3918275506133772], "wind_ned": [0.0, 9.614962562311893, 0.0], "wind_est_ned": [0.0, 0.0, 0.0]}, {"t_sim": 0.55, "hub_pos_x": 13.838858366736439, "hub_pos_y": 47.46780684641168, "hub_pos_z": -7.686296399131061, "hub_vel_x": -0.18206557798268663, "hub_vel_y": -0.1698704951810739, "hub_vel_z": -1.7464273425035792, "tether_length": 50.03770274349645, "tether_extension": 0.04708654387970057, "tether_tension": 265.5892281232437, "tether_rest_length": 49.99061619961675, "tether_slack": 0, "collective_rad": -0.20493772252261086, "collective_norm": 0.19753230915102413, "pumping_phase": "reel-out", "tension_setpoint": 0.0, "collective_from_tension_ctrl": 0.19753230915102413, "omega_rotor": 19.387809019528998, "pos_ned": [13.838858366736439, 47.46780684641168, -7.686296399131061], "R": [[-0.5094818530493208, 0.8148068065227931, 0.276619069222564], [0.4644754262203973, -0.010201097512397828, 0.8855272531361883], [0.7243554513157264, 0.5796428259313408, -0.3732604646832017]], "swash_collective": -0.20493772252261086, "swash_tilt_lon": 0.03236694196085311, "swash_tilt_lat": 0.037215206118867555, "body_z_eq": [0.2749316156940631, 0.8779998731618208, -0.39182755061337726], "wind_ned": [0.0, 9.630274413985976, 0.0], "wind_est_ned": [0.0, 0.0, 0.0]}, {"t_sim": 0.6, "hub_pos_x": 13.829473055735065, "hub_pos_y": 47.459240993482354, "hub_pos_z": -7.775445908411269, "hub_vel_x": -0.19329075755113062, "hub_vel_y": -0.17309936685899166, "hub_vel_z": -1.8176249761572632, "tether_length": 50.040735978598654, "tether_extension": 0.04696784290847944, "tether_tension": 265.0437880826982, "tether_rest_length": 49.993768135690175, "tether_slack": 0, "collective_rad": -0.2053367585444063, "collective_norm": 0.19648221435682559, "pumping_phase": "reel-out", "tension_setpoint": 0.0, "collective_from_tension_ctrl": 0.19648221435682559, "omega_rotor": 19.395174313873547, "pos_ned": [13.829473055735065, 47.459240993482354, -7.775445908411269], "R": [[-0.5096861814969655, 0.8145581315766794, 0.276974812344645], [0.4638216210052412, -0.010996803320587556, 0.8858603581856446], [0.7246305957376574, 0.5799776897424918, -0.3722047542977523]], "swash_collective": -0.2053367585444063, "swash_tilt_lon": 0.03335897729502634, "swash_tilt_lat": 0.037198233830089446, "body_z_eq": [0.2748146044525175, 0.8780365047991615, -0.3918275506133772], "wind_ned": [0.0, 9.646129616641016, 0.0], "wind_est_ned": [0.0, 0.0, 0.0]}, {"t_sim": 0.65, "hub_pos_x": 13.819536935682645, "hub_pos_y": 47.45046762785582, "hub_pos_z": -7.867877927956458, "hub_vel_x": -0.20399923707041184, "hub_vel_y": -0.17787777225316542, "hub_vel_z": -1.878000534960863, "tether_length": 50.0441048765608, "tether_extension": 0.04691249930489505, "tether_tension": 264.80701715729754, "tether_rest_length": 49.99719237725591, "tether_slack": 0, "collective_rad": -0.2057586232245614, "collective_norm": 0.19537204414589113, "pumping_phase": "reel-out", "tension_setpoint": 0.0, "collective_from_tension_ctrl": 0.19537204414589113, "omega_rotor": 19.40288127470198, "pos_ned": [13.819536935682645, 47.45046762785582, -7.867877927956458], "R": [[-0.5098686679567723, 0.8143236096008525, 0.2773283257848444], [0.46323824632084487, -0.011746527944767009, 0.8861559378725793], [0.7248753469263349, 0.5802922349367445, -0.3712366542928437]], "swash_collective": -0.2057586232245614, "swash_tilt_lon": 0.03422405927514482, "swash_tilt_lat": 0.03715434736841507, "body_z_eq": [0.27468913116965715, 0.8780757665472726, -0.3918275506133772], "wind_ned": [0.0, 9.662411078830699, 0.0], "wind_est_ned": [0.0, 0.0, 0.0]}, {"t_sim": 0.7000000000000001, "hub_pos_x": 13.809096164052415, "hub_pos_y": 47.44147333538699, "hub_pos_z": -7.9630908335821236, "hub_vel_x": -0.213366903109464, "hub_vel_y": -0.18158154536255863, "hub_vel_z": -1.9290370499416163, "tether_length": 50.047741032100504, "tether_extension": 0.04685210778657023, "tether_tension": 264.5425851178219, "tether_rest_length": 50.000888924313934, "tether_slack": 0, "collective_rad": -0.20617433707482424, "collective_norm": 0.19427806032940995, "pumping_phase": "reel-out", "tension_setpoint": 0.0, "collective_from_tension_ctrl": 0.19427806032940995, "omega_rotor": 19.41088099596695, "pos_ned": [13.809096164052415, 47.44147333538699, -7.9630908335821236], "R": [[-0.5100316805437832, 0.8141041864940802, 0.2776725740408943], [0.4627176177756828, -0.01244732260518028, 0.8864183382353723], [0.7250931602502404, 0.5805854266968606, -0.37035182092916]], "swash_collective": -0.20617433707482424, "swash_tilt_lon": 0.03497900553997727, "swash_tilt_lat": 0.03709652164350442, "body_z_eq": [0.27455603793408073, 0.8781173911352974, -0.3918275506133772], "wind_ned": [0.0, 9.679016887330754, 0.0], "wind_est_ned": [0.0, 0.0, 0.0]}, {"t_sim": 0.75, "hub_pos_x": 13.798225072735073, "hub_pos_y": 47.43233430053152, "hub_pos_z": -8.060635724650657, "hub_vel_x": -0.2212599819103883, "hub_vel_y": -0.1838416828421151, "hub_vel_z": -1.9713253111213072, "tether_length": 50.051679834645185, "tether_extension": 0.04682205778091486, "tether_tension": 264.4589348066616, "tether_rest_length": 50.00485777686427, "tether_slack": 0, "collective_rad": -0.206603962293549, "collective_norm": 0.19314746764855534, "pumping_phase": "reel-out", "tension_setpoint": 0.0, "collective_from_tension_ctrl": 0.19314746764855534, "omega_rotor": 19.419125246085823, "pos_ned": [13.798225072735073, 47.43233430053152, -8.060635724650657], "R": [[-0.5101773121682237, 0.8139000762515903, 0.27800319427384645], [0.4622529355860942, -0.013098601274264475, 0.8866513690209332], [0.72528706984948, 0.5808572049327742, -0.3695450903297758]], "swash_collective": -0.206603962293549, "swash_tilt_lon": 0.03565366467801355, "swash_tilt_lat": 0.03701966089499884, "body_z_eq": [0.27441620478478473, 0.8781610997600819, -0.3918275506133772], "wind_ned": [0.0, 9.69585827957964, 0.0], "wind_est_ned": [0.0, 0.0, 0.0]}, {"t_sim": 0.8, "hub_pos_x": 13.786989921738515, "hub_pos_y": 47.42309586703609, "hub_pos_z": -8.160082992027023, "hub_vel_x": -0.22795379837553106, "hub_vel_y": -0.18564635709618552, "hub_vel_z": -2.00521372201033, "tether_length": 50.05592895186617, "tether_extension": 0.046830016959262366, "tether_tension": 264.581639446411, "tether_rest_length": 50.00909893490691, "tether_slack": 0, "collective_rad": -0.20705537331964083, "collective_norm": 0.1919595438956821, "pumping_phase": "reel-out", "tension_setpoint": 0.0, "collective_from_tension_ctrl": 0.1919595438956821, "omega_rotor": 19.427568670580623, "pos_ned": [13.786989921738515, 47.42309586703609, -8.160082992027023], "R": [[-0.510307327868634, 0.8137111916610572, 0.2783173147490401], [0.46183845882169094, -0.013700748584618571, 0.8868582341284459], [0.7254596260832017, 0.5811078953634725, -0.36881153028268754]], "swash_collective": -0.20705537331964083, "swash_tilt_lon": 0.036249216790048444, "swash_tilt_lat": 0.03692413468185935, "body_z_eq": [0.2742705294363139, 0.8782066085284519, -0.3918275506133772], "wind_ned": [0.0, 9.71285325438905, 0.0], "wind_est_ned": [0.0, 0.0, 0.0]}, {"t_sim": 0.85, "hub_pos_x": 13.775450006870804, "hub_pos_y": 47.413778160054136, "hub_pos_z": -8.261026774500726, "hub_vel_x": -0.23342972629395878, "hub_vel_y": -0.18693820051594917, "hub_vel_z": -2.0312886685339566, "tether_length": 50.06046817664832, "tether_extension": 0.04685577820647069, "tether_tension": 264.7979139925446, "tether_rest_length": 50.01361239844185, "tether_slack": 0, "collective_rad": -0.20751966698831067, "collective_norm": 0.1907377184518141, "pumping_phase": "reel-out", "tension_setpoint": 0.0, "collective_from_tension_ctrl": 0.1907377184518141, "omega_rotor": 19.436169239630416, "pos_ned": [13.775450006870804, 47.413778160054136, -8.261026774500726], "R": [[-0.5104233518904531, 0.8135374820506013, 0.278612216429362], [0.4614689092896565, -0.014254035660909815, 0.8870418638522036], [0.7256131528603436, 0.5813377570450299, -0.368146661848137]], "swash_collective": -0.20751966698831067, "swash_tilt_lon": 0.036765019998823666, "swash_tilt_lat": 0.036815615610069234, "body_z_eq": [0.2741199178378573, 0.8782536314897239, -0.3918275506133772], "wind_ned": [0.0, 9.729926931405867, 0.0], "wind_est_ned": [0.0, 0.0, 0.0]}, {"t_sim": 0.9, "hub_pos_x": 13.763668642084038, "hub_pos_y": 47.4044159947656, "hub_pos_z": -8.363090395188, "hub_vel_x": -0.2376115160926261, "hub_vel_y": -0.18741295569975663, "hub_vel_z": -2.0500789626153098, "tether_length": 50.06529332324519, "tether_extension": 0.04689515577609171, "tether_tension": 265.09016661678413, "tether_rest_length": 50.0183981674691, "tether_slack": 0, "collective_rad": -0.207996081295533, "collective_norm": 0.18948399659070272, "pumping_phase": "reel-out", "tension_setpoint": 0.0, "collective_from_tension_ctrl": 0.18948399659070272, "omega_rotor": 19.444887003959725, "pos_ned": [13.763668642084038, 47.4044159947656, -8.363090395188], "R": [[-0.5105268741938522, 0.8133787782497344, 0.27888577199065534], [0.4611394509584653, -0.01475911066855807, 0.8872049230149692], [0.7257497623117619, 0.5815471878921298, -0.36754612058784963]], "swash_collective": -0.207996081295533, "swash_tilt_lon": 0.03720992464286697, "swash_tilt_lat": 0.036695909869937544, "body_z_eq": [0.2739652736996235, 0.8783018839710023, -0.3918275506133772], "wind_ned": [0.0, 9.747012331500173, 0.0], "wind_est_ned": [0.0, 0.0, 0.0]}, {"t_sim": 0.9500000000000001, "hub_pos_x": 13.751709609425792, "hub_pos_y": 47.395048934977, "hub_pos_z": -8.465919452994928, "hub_vel_x": -0.2405488009443767, "hub_vel_y": -0.18716083023211705, "hub_vel_z": -2.0619652608928263, "tether_length": 50.07040661551279, "tether_extension": 0.046950373524133227, "tether_tension": 265.46948939316275, "tether_rest_length": 50.023456241988654, "tether_slack": 0, "collective_rad": -0.2084877540045522, "collective_norm": 0.1881901210406522, "pumping_phase": "reel-out", "tension_setpoint": 0.0, "collective_from_tension_ctrl": 0.1881901210406522, "omega_rotor": 19.45368384491821, "pos_ned": [13.751709609425792, 47.395048934977, -8.465919452994928], "R": [[-0.5106192019869168, 0.8132347425384219, 0.2791366763625146], [0.4608458441659285, -0.015217153196467896, 0.8873497315960529], [0.7258712960830151, 0.5817367890868377, -0.3670056808084871]], "swash_collective": -0.2084877540045522, "swash_tilt_lon": 0.03759069111208733, "swash_tilt_lat": 0.036565249643261716, "body_z_eq": [0.273807487316316, 0.8783510861095618, -0.3918275506133772], "wind_ned": [0.0, 9.764048953088437, 0.0], "wind_est_ned": [0.0, 0.0, 0.0]}, {"t_sim": 1.0, "hub_pos_x": 13.739633653488127, "hub_pos_y": 47.385710779235424, "hub_pos_z": -8.569177817419032, "hub_vel_x": -0.24229268249343336, "hub_vel_y": -0.18625185276205847, "hub_vel_z": -2.0673135304268637, "tether_length": 50.075804138757924, "tether_extension": 0.04701751675741406, "tether_tension": 265.9124686536298, "tether_rest_length": 50.02878662200051, "tether_slack": 0, "collective_rad": -0.20899342484303413, "collective_norm": 0.186859408307805, "pumping_phase": "reel-out", "tension_setpoint": 0.0, "collective_from_tension_ctrl": 0.186859408307805, "omega_rotor": 19.462523613519323, "pos_ned": [13.739633653488127, 47.385710779235424, -8.569177817419032], "R": [[-0.5107014932907215, 0.8131049718906159, 0.27936408043517036], [0.4605843376561204, -0.015629542109486312, 0.8874783294927943], [0.7259793748148087, 0.5819072280872687, -0.36652138442837284]], "swash_collective": -0.20899342484303413, "swash_tilt_lon": 0.037910181775813345, "swash_tilt_lat": 0.036425367175754945, "body_z_eq": [0.27364742770770406, 0.878400965328066, -0.3918275506133772], "wind_ned": [0.0, 9.780981780748137, 0.0], "wind_est_ned": [1.342030674812732, 4.604039535531716, 0.0]}, {"t_sim": 1.05, "hub_pos_x": 13.727499950691971, "hub_pos_y": 47.376435801862975, "hub_pos_z": -8.672547784452393, "hub_vel_x": -0.24286241185529905, "hub_vel_y": -0.18462320903073384, "hub_vel_z": -2.0664864687713846, "tether_length": 50.08148199865885, "tether_extension": 0.04709269115417669, "tether_tension": 266.3982326501532, "tether_rest_length": 50.034389307504675, "tether_slack": 0, "collective_rad": -0.20951130866657666, "collective_norm": 0.1854965561405878, "pumping_phase": "reel-out", "tension_setpoint": 0.0, "collective_from_tension_ctrl": 0.1854965561405878, "omega_rotor": 19.471371914327094, "pos_ned": [13.727499950691971, 47.376435801862975, -8.672547784452393], "R": [[-0.5107747900698523, 0.8129890269565804, 0.27956744423714847], [0.46035156168278174, -0.015997761731286378, 0.8875925367395859], [0.7260754461385696, 0.5820592011709648, -0.36608951480054164]], "swash_collective": -0.20951130866657666, "swash_tilt_lon": 0.0381720525847849, "swash_tilt_lat": 0.03627790893850647, "body_z_eq": [0.2734859366918284, 0.8784512581880195, -0.39182755061337726], "wind_ned": [0.0, 9.797761048828379, 0.0], "wind_est_ned": [1.3417023945794924, 4.604135213181415, 0.0]}, {"t_sim": 1.1, "hub_pos_x": 13.71536640914493, "hub_pos_y": 47.36726090726406, "hub_pos_z": -8.775728776952855, "hub_vel_x": -0.242294215250375, "hub_vel_y": -0.18224964813471894, "hub_vel_z": -2.0598046094093605, "tether_length": 50.087438841000875, "tether_extension": 0.0471745424997394, "tether_tension": 266.9195226849013, "tether_rest_length": 50.040264298501135, "tether_slack": 0, "collective_rad": -0.21004116202532125, "collective_norm": 0.1841022051965231, "pumping_phase": "reel-out", "tension_setpoint": 0.0, "collective_from_tension_ctrl": 0.1841022051965231, "omega_rotor": 19.48019590107141, "pos_ned": [13.71536640914493, 47.36726090726406, -8.775728776952855], "R": [[-0.5108400189864035, 0.8128864161388729, 0.2797465807813745], [0.46014452407940004, -0.016323451425399454, 0.8876939573373841], [0.7261607893309263, 0.5821934552968296, -0.3657065608487562]], "swash_collective": -0.21004116202532125, "swash_tilt_lon": 0.038380469175569976, "swash_tilt_lat": 0.036123754729586, "body_z_eq": [0.2733238232938832, 0.8785017121214594, -0.3918275506133772], "wind_ned": [0.0, 9.814341789017444, 0.0], "wind_est_ned": [1.3413655028060156, 4.60423337427192, 0.0]}, {"t_sim": 1.1500000000000001, "hub_pos_x": 13.703288605948172, "hub_pos_y": 47.358222957145216, "hub_pos_z": -8.878435424236853, "hub_vel_x": -0.2406417310310002, "hub_vel_y": -0.17914606042427317, "hub_vel_z": -2.0475606947300378, "tether_length": 50.093672882008235, "tether_extension": 0.04726128701832977, "tether_tension": 267.46587404276937, "tether_rest_length": 50.046411594989905, "tether_slack": 0, "collective_rad": -0.21058213326417666, "collective_norm": 0.1826785966732194, "pumping_phase": "reel-out", "tension_setpoint": 0.0, "collective_from_tension_ctrl": 0.1826785966732194, "omega_rotor": 19.48896423184118, "pos_ned": [13.703288605948172, 47.358222957145216, -8.878435424236853], "R": [[-0.5108980144959866, 0.8127966217514643, 0.2799015370687797], [0.4599605354082768, -0.016608322010324854, 0.8877840218808477], [0.7262365486885042, 0.582310754931942, -0.3653692105796574]], "swash_collective": -0.21058213326417666, "swash_tilt_lon": 0.038537588155159945, "swash_tilt_lat": 0.03596531454952211, "body_z_eq": [0.2731618587672086, 0.8785520869562402, -0.3918275506133772], "wind_ned": [0.0, 9.830683271089756, 0.0], "wind_est_ned": [1.3410210764851456, 4.604333703078008, 0.0]}, {"t_sim": 1.2, "hub_pos_x": 13.691319637667878, "hub_pos_y": 47.34935910209543, "hub_pos_z": -8.980396830020668, "hub_vel_x": -0.23794724874733544, "hub_vel_y": -0.17527774573437718, "hub_vel_z": -2.0300411833240894, "tether_length": 50.10018198688014, "tether_extension": 0.047350789909160085, "tether_tension": 268.02568716674494, "tether_rest_length": 50.05283119697098, "tether_slack": 0, "collective_rad": -0.21113279100444826, "collective_norm": 0.18122949735671517, "pumping_phase": "reel-out", "tension_setpoint": 0.0, "collective_from_tension_ctrl": 0.18122949735671517, "omega_rotor": 19.497647009914033, "pos_ned": [13.691319637667878, 47.34935910209543, -8.980396830020668], "R": [[-0.5109495181318651, 0.812719112378738, 0.2800325593482493], [0.4597972097149207, -0.016854116649126113, 0.8878639899727615], [0.726303735264516, 0.5824118672608705, -0.3650743773733218]], "swash_collective": -0.21113279100444826, "swash_tilt_lon": 0.03864708916374725, "swash_tilt_lat": 0.03580198197502437, "body_z_eq": [0.27300077219379093, 0.8786021562470213, -0.3918275506133772], "wind_ned": [0.0, 9.846748648679034, 0.0], "wind_est_ned": [1.3406701758525328, 4.604435889059262, 0.0]}, {"t_sim": 1.25, "hub_pos_x": 13.679510455188014, "hub_pos_y": 47.34070824861429, "hub_pos_z": -9.081355905397034, "hub_vel_x": -0.23425979627717758, "hub_vel_y": -0.17062705115109394, "hub_vel_z": -2.007509273305115, "tether_length": 50.10696537877871, "tether_extension": 0.047442274334351, "tether_tension": 268.5947683582852, "tether_rest_length": 50.05952310444436, "tether_slack": 0, "collective_rad": -0.21169268145688347, "collective_norm": 0.1797561014292541, "pumping_phase": "reel-out", "tension_setpoint": 0.0, "collective_from_tension_ctrl": 0.1797561014292541, "omega_rotor": 19.50621567900242, "pos_ned": [13.679510455188014, 47.34070824861429, -9.081355905397034], "R": [[-0.5109951638882118, 0.8126533247578709, 0.28014017249019696], [0.4596525095323115, -0.017062668596884403, 0.8879349276951563], [0.7263632100839826, 0.5824975872055875, -0.36481919896869686]], "swash_collective": -0.21169268145688347, "swash_tilt_lon": 0.03871227302605177, "swash_tilt_lat": 0.03563412473307738, "body_z_eq": [0.2728412487952575, 0.8786517077523754, -0.39182755061337726], "wind_ned": [0.0, 9.862504643025227, 0.0], "wind_est_ned": [1.3403138385922118, 4.604539628557412, 0.0]}, {"t_sim": 1.3, "hub_pos_x": 13.66790927379324, "hub_pos_y": 47.33230938598114, "hub_pos_z": -9.181068254566734, "hub_vel_x": -0.22963634576346928, "hub_vel_y": -0.16519707405069545, "hub_vel_z": -1.9802130962340585, "tether_length": 50.114021898692364, "tether_extension": 0.04753458128232069, "tether_tension": 269.16637850639256, "tether_rest_length": 50.06648731741004, "tether_slack": 0, "collective_rad": -0.2122608364151909, "collective_norm": 0.1782609568021293, "pumping_phase": "reel-out", "tension_setpoint": 0.0, "collective_from_tension_ctrl": 0.1782609568021293, "omega_rotor": 19.51464301127892, "pos_ned": [13.66790927379324, 47.33230938598114, -9.181068254566734], "R": [[-0.5110355110499953, 0.8125986887510466, 0.2802250479274636], [0.4595246405070935, -0.017235822595200904, 0.8879977653047861], [0.7264157289133382, 0.5825687062137362, -0.36460100291655495]], "swash_collective": -0.2122608364151909, "swash_tilt_lon": 0.03873547171807774, "swash_tilt_lat": 0.03546249877664476, "body_z_eq": [0.27268392801872027, 0.8787005439742273, -0.3918275506133772], "wind_ned": [0.0, 9.87792116171455, 0.0], "wind_est_ned": [1.3399530750559967, 4.60464462619271, 0.0]}, {"t_sim": 1.35, "hub_pos_x": 13.656561552251336, "hub_pos_y": 47.324201784380996, "hub_pos_z": -9.279301788504144, "hub_vel_x": -0.22413020048578763, "hub_vel_y": -0.1589737321825714, "hub_vel_z": -1.948396650666208, "tether_length": 50.121350198005864, "tether_extension": 0.04762636213783367, "tether_tension": 269.73305701395907, "tether_rest_length": 50.07372383586803, "tether_slack": 0, "collective_rad": -0.2128359237648297, "collective_norm": 0.1767475690399219, "pumping_phase": "reel-out", "tension_setpoint": 0.0, "collective_from_tension_ctrl": 0.1767475690399219, "omega_rotor": 19.52290308354089, "pos_ned": [13.656561552251336, 47.324201784380996, -9.279301788504144], "R": [[-0.5110710573008251, 0.8125546409648912, 0.2802879409390153], [0.4594120087694498, -0.017375392586997454, 0.8880533215583777], [0.7264619608677632, 0.5826259959689957, -0.3644172995801663]], "swash_collective": -0.2128359237648297, "swash_tilt_lon": 0.03871876705245075, "swash_tilt_lat": 0.0352879261406392, "body_z_eq": [0.27252940203233045, 0.8787484825638232, -0.3918275506133772], "wind_ned": [0.0, 9.892971044919374, 0.0], "wind_est_ned": [1.3395888642242417, 4.60475059603925, 0.0]}, {"t_sim": 1.4000000000000001, "hub_pos_x": 13.64551006815308, "hub_pos_y": 47.31642545069897, "hub_pos_z": -9.37583642354999, "hub_vel_x": -0.2177963472846771, "hub_vel_y": -0.1519454916379433, "hub_vel_z": -1.9122955383481135, "tether_length": 50.1289493758654, "tether_extension": 0.04771671604708416, "tether_tension": 270.2898678830882, "tether_rest_length": 50.08123265981832, "tether_slack": 0, "collective_rad": -0.21341688828345126, "collective_norm": 0.17521871504354938, "pumping_phase": "reel-out", "tension_setpoint": 0.0, "collective_from_tension_ctrl": 0.17521871504354938, "omega_rotor": 19.53097124494258, "pos_ned": [13.64551006815308, 47.31642545069897, -9.37583642354999], "R": [[-0.5111022450117048, 0.8125206249697996, 0.28032967938247416], [0.45931320007763526, -0.017483162001870115, 0.8881023157727151], [0.7265024978473488, 0.5826702095054307, -0.36426576503489994]], "swash_collective": -0.21341688828345126, "swash_tilt_lon": 0.03866431436920552, "swash_tilt_lat": 0.03511106373933335, "body_z_eq": [0.27237821460273703, 0.8787953566047938, -0.3918275506133772], "wind_ned": [0.0, 9.907629842702118, 0.0], "wind_est_ned": [1.3392221503043917, 4.604857262609939, 0.0]}, {"t_sim": 1.45, "hub_pos_x": 13.634794760120947, "hub_pos_y": 47.30902070510563, "hub_pos_z": -9.470463650523218, "hub_vel_x": -0.2106928864762148, "hub_vel_y": -0.14411001997945175, "hub_vel_z": -1.8721378884902473, "tether_length": 50.136818667626635, "tether_extension": 0.047804878365724335, "tether_tension": 270.8325169656846, "tether_rest_length": 50.08901378926091, "tether_slack": 0, "collective_rad": -0.21400268466518166, "collective_norm": 0.17367714561794306, "pumping_phase": "reel-out", "tension_setpoint": 0.0, "collective_from_tension_ctrl": 0.17367714561794306, "omega_rotor": 19.538824109182954, "pos_ned": [13.634794760120947, 47.30902070510563, -9.470463650523218], "R": [[-0.5111294664352621, 0.8124960932838217, 0.2803511493469048], [0.459226962573579, -0.017560878462632292, 0.8881453779607628], [0.7265378623217429, 0.5827020799226205, -0.3641442305828895]], "swash_collective": -0.21400268466518166, "swash_tilt_lon": 0.03857407696186667, "swash_tilt_lat": 0.034932516679371056, "body_z_eq": [0.27223086031474875, 0.8788410147874376, -0.3918275506133772], "wind_ned": [0.0, 9.921875582835693, 0.0], "wind_est_ned": [1.3388538398766503, 4.604964361678054, 0.0]}, {"t_sim": 1.5, "hub_pos_x": 13.624452568873572, "hub_pos_y": 47.30202774876569, "hub_pos_z": -9.56298626023414, "hub_vel_x": -0.20288256052398268, "hub_vel_y": -0.13547610817164668, "hub_vel_z": -1.8281483015571645, "tether_length": 50.14495713851945, "tether_extension": 0.047889914323640426, "tether_tension": 271.3556244890034, "tether_rest_length": 50.09706722419581, "tether_slack": 0, "collective_rad": -0.21459195278349552, "collective_norm": 0.17212644004343292, "pumping_phase": "reel-out", "tension_setpoint": 0.0, "collective_from_tension_ctrl": 0.17212644004343292, "omega_rotor": 19.546439559946503, "pos_ned": [13.624452568873572, 47.30202774876569, -9.56298626023414], "R": [[-0.5111530865495373, 0.8124805222567194, 0.28035321126095564], [0.4591521337404911, -0.01761020762340193, 0.8881830884840215], [0.7265685378492766, 0.5827223022511745, -0.3640506534352811]], "swash_collective": -0.21459195278349552, "swash_tilt_lon": 0.03844866722103189, "swash_tilt_lat": 0.03475464949973774, "body_z_eq": [0.27208778386120536, 0.8788853215601109, -0.3918275506133772], "wind_ned": [0.0, 9.935688573659657, 0.0], "wind_est_ned": [1.3384847995151614, 4.60507164095677, 0.0]}, {"t_sim": 1.55, "hub_pos_x": 13.614517365245653, "hub_pos_y": 47.29548667966558, "hub_pos_z": -9.65321836319698, "hub_vel_x": -0.19442198656547113, "hub_vel_y": -0.12603018152917658, "hub_vel_z": -1.7805554691576455, "tether_length": 50.15336379124018, "tether_extension": 0.047970826617167006, "tether_tension": 271.85387942202146, "tether_rest_length": 50.105392964623015, "tether_slack": 0, "collective_rad": -0.2151831249139711, "collective_norm": 0.17057072391060243, "pumping_phase": "reel-out", "tension_setpoint": 0.0, "collective_from_tension_ctrl": 0.17057072391060243, "omega_rotor": 19.55379675988414, "pos_ned": [13.614517365245653, 47.29548667966558, -9.65321836319698], "R": [[-0.5111734465147167, 0.8124734165503971, 0.2803366814692496], [0.45908762885830756, -0.017632719924168226, 0.8882159851169834], [0.7265949742514896, 0.5827315287394368, -0.363983116099464]], "swash_collective": -0.2151831249139711, "swash_tilt_lon": 0.03829010602935387, "swash_tilt_lat": 0.03457725659118929, "body_z_eq": [0.2719493785219005, 0.8789281575315888, -0.3918275506133772], "wind_ned": [0.0, 9.949051260671343, 0.0], "wind_est_ned": [1.33811585367748, 4.605178860697422, 0.0]}, {"t_sim": 1.6, "hub_pos_x": 13.60502022754404, "hub_pos_y": 47.28943825918068, "hub_pos_z": -9.740985338294758, "hub_vel_x": -0.18537083833145712, "hub_vel_y": -0.11577411591011431, "hub_vel_z": -1.7295786332865846, "tether_length": 50.16203864199637, "tether_extension": 0.04804763145384783, "tether_tension": 272.32750222767334, "tether_rest_length": 50.11399101054252, "tether_slack": 0, "collective_rad": -0.2157757255394169, "collective_norm": 0.16901124858048192, "pumping_phase": "reel-out", "tension_setpoint": 0.0, "collective_from_tension_ctrl": 0.16901124858048192, "omega_rotor": 19.5608761231134, "pos_ned": [13.60502022754404, 47.28943825918068, -9.740985338294758], "R": [[-0.5111908301636726, 0.8124742780003975, 0.2803024843705614], [0.4590325467063102, -0.01762999008409004, 0.888244507167905], [0.7266175446690607, 0.5827304102562074, -0.36393984769702986]], "swash_collective": -0.2157757255394169, "swash_tilt_lon": 0.03810073427446004, "swash_tilt_lat": 0.03440030230489755, "body_z_eq": [0.27181598688975767, 0.8789694191787724, -0.3918275506133772], "wind_ned": [0.0, 9.96194808994386, 0.0], "wind_est_ned": [1.3377477829273317, 4.6052857941880685, 0.0]}, {"t_sim": 1.6500000000000001, "hub_pos_x": 13.595989058345994, "hub_pos_y": 47.28392241834069, "hub_pos_z": -9.826123331483947, "hub_vel_x": -0.17579348091230224, "hub_vel_y": -0.10472929955123245, "hub_vel_z": -1.6754322507207524, "tether_length": 50.17098132034489, "tether_extension": 0.04811995839055783, "tether_tension": 272.774218843753, "tether_rest_length": 50.122861361954335, "tether_slack": 0, "collective_rad": -0.2163687777050163, "collective_norm": 0.16745058498679927, "pumping_phase": "reel-out", "tension_setpoint": 0.0, "collective_from_tension_ctrl": 0.16745058498679927, "omega_rotor": 19.567659341374746, "pos_ned": [13.595989058345994, 47.28392241834069, -9.826123331483947], "R": [[-0.5112054873225786, 0.8124826201324838, 0.2802515686199447], [0.45898609531562395, -0.01760355193495175, 0.8882690354088626], [0.726636576314599, 0.5827195783066906, -0.363919192980901]], "swash_collective": -0.2163687777050163, "swash_tilt_lon": 0.03788210929393745, "swash_tilt_lat": 0.03422418636862051, "body_z_eq": [0.27168790153591516, 0.8790090185767904, -0.3918275506133772], "wind_ned": [0.0, 9.974365309892836, 0.0], "wind_est_ned": [1.337381322635658, 4.6053922281107305, 0.0]}, {"t_sim": 1.7, "hub_pos_x": 13.58744866896853, "hub_pos_y": 47.278978349490124, "hub_pos_z": -9.908479310980647, "hub_vel_x": -0.16574939264091496, "hub_vel_y": -0.09290459015242075, "hub_vel_z": -1.6183342956784106, "tether_length": 50.180191287358994, "teth