[{"t": 0.0, "pos_enu": [47.5125017361509, 13.888138704907725, 7.11556800315918], "R": [[0.47898895420086207, -5.318750312845607e-06, 0.8778209280515448], [-0.5049508124274625, 0.8179885402764577, 0.2755347981748142], [-0.7180489250618024, -0.5752345156091566, 0.39180478974801863]], "omega_spin": 19.349310338577812, "tether_tension": 193.9236676473424, "tether_rest_length": 49.97491638453746, "swash_collective": -0.19977351354216305, "swash_tilt_lon": 6.887543082666221e-17, "swash_tilt_lat": 7.5679297068951e-17, "body_z_eq": [0.8778080695616921, 0.2755433969317652, 0.391827550613378], "wind_enu": [10.0, 0.0, 0.0]}, {"t": 0.05, "pos_enu": [47.54016853951121, 13.895624051715098, 7.128033288562358], "R": [[0.47694082521902514, -0.0009158183592807516, 0.8789349296256962], [-0.5055926001931432, 0.8177033378202969, 0.2752042404242387], [-0.7189600627777122, -0.575639134001745, 0.389533073738791]], "omega_spin": 19.349270152721196, "tether_tension": 253.57370424767186, "tether_rest_length": 49.99491638453741, "swash_collective": -0.224224167506521, "swash_tilt_lon": 0.02878109636723469, "swash_tilt_lat": 0.032172375546752126, "body_z_eq": [0.8778111019457713, 0.2755337363755507, 0.39182755061337793], "wind_enu": [10.0, 0.0, 0.0]}, {"t": 0.1, "pos_enu": [47.560478591830616, 13.900169755804047, 7.143898741392154], "R": [[0.47543111649162173, -0.0031671614492048846, 0.8797472492482619], [-0.5060660985645676, 0.8169972084716393, 0.2764284088750405], [-0.7196265401964879, -0.5766329252114418, 0.38682310195608754]], "omega_spin": 19.349715603818822, "tether_tension": 267.70401056002027, "tether_rest_length": 50.014916384537365, "swash_collective": -0.23561163318961797, "swash_tilt_lon": 0.03755340793112295, "swash_tilt_lat": 0.027949301393848474, "body_z_eq": [0.8778183040037895, 0.27551079059853784, 0.39182755061337793], "wind_enu": [10.0, 0.0, 0.0]}, {"t": 0.15, "pos_enu": [47.57158901200711, 13.901400877981228, 7.163881878906963], "R": [[0.4739277291671271, -0.004647815980476235, 0.8805514779574788], [-0.5065388655593567, 0.8165316201840886, 0.2769377022317257], [-0.7202852804301432, -0.5772820030506407, 0.3846226771129223]], "omega_spin": 19.350881571985816, "tether_tension": 232.88595793325484, "tether_rest_length": 50.03491638453732, "swash_collective": -0.21693760365692855, "swash_tilt_lon": 0.026922207894712957, "swash_tilt_lat": 0.03266247356410602, "body_z_eq": [0.8778289350226742, 0.2754769163056649, 0.391827550613378], "wind_enu": [10.0, 0.0, 0.0]}, {"t": 0.2, "pos_enu": [47.59128905369459, 13.904652871822476, 7.1920807015554145], "R": [[0.47254509089261953, -0.006027461364681185, 0.8812858825504822], [-0.5069738446573878, 0.8160975698616232, 0.27742075859470305], [-0.720887410006995, -0.5778827097045309, 0.38258713506593134]], "omega_spin": 19.352360465869765, "tether_tension": 253.58622398231134, "tether_rest_length": 50.05491638453727, "swash_collective": -0.22733065057584803, "swash_tilt_lon": 0.03479703277304041, "swash_tilt_lat": 0.03066914009297104, "body_z_eq": [0.8778421474225974, 0.27543481041582885, 0.39182755061337793], "wind_enu": [10.0, 0.0, 0.0]}, {"t": 0.25, "pos_enu": [47.60599239453295, 13.905903793207058, 7.223702206328315], "R": [[0.47140236595902013, -0.007498186411974495, 0.8818863796253851], [-0.507333936375777, 0.8156341386320245, 0.2781244845378686], [-0.7213820668478653, -0.578519428453814, 0.3806877782800183]], "omega_spin": 19.35430281398206, "tether_tension": 246.7695893563115, "tether_rest_length": 50.074916384537225, "swash_collective": -0.22482813764424248, "swash_tilt_lon": 0.03426975402972182, "swash_tilt_lat": 0.03095992618503946, "body_z_eq": [0.8778582463395072, 0.2753834960814572, 0.39182755061337793], "wind_enu": [10.0, 0.0, 0.0]}, {"t": 0.3, "pos_enu": [47.62062472265001, 13.906706404828125, 7.260028585693238], "R": [[0.4703204829554389, -0.00868583966516993, 0.8824529446389043], [-0.5076753380963176, 0.8152593661221595, 0.27859992289820285], [-0.7218479025399694, -0.5790308473124782, 0.3790235922198546]], "omega_spin": 19.356636617369162, "tether_tension": 243.31503307535968, "tether_rest_length": 50.09491638453718, "swash_collective": -0.2228548393806521, "swash_tilt_lon": 0.033952380629720544, "swash_tilt_lat": 0.03174580229366414, "body_z_eq": [0.8778766389425309, 0.2753248579029617, 0.39182755061337793], "wind_enu": [10.0, 0.0, 0.0]}, {"t": 0.35000000000000003, "pos_enu": [47.63597135483317, 13.907337554823215, 7.300587515927164], "R": [[0.46937284023416914, -0.009842921891569682, 0.8829452155933262], [-0.5079747154085811, 0.8148938226255242, 0.27912317415852805], [-0.7222539895051329, -0.5795266816423538, 0.37748907256836367]], "omega_spin": 19.359281932005896, "tether_tension": 246.77025870688487, "tether_rest_length": 50.11491638453713, "swash_collective": -0.22495633796395764, "swash_tilt_lon": 0.03618511351565604, "swash_tilt_lat": 0.03121391164840569, "body_z_eq": [0.8778970453900495, 0.27525978325164396, 0.391827550613378], "wind_enu": [10.0, 0.0, 0.0]}, {"t": 0.4, "pos_enu": [47.64980626373926, 13.907189968126003, 7.34432204724179], "R": [[0.4685339069977573, -0.01091008105525122, 0.8833781456006168], [-0.5082401140766304, 0.814556231404764, 0.2796249851551942], [-0.7226119044388839, -0.5799819962818136, 0.37610227272933827]], "omega_spin": 19.362244893814122, "tether_tension": 243.72766401376649, "tether_rest_length": 50.134916384537085, "swash_collective": -0.22369891562539546, "swash_tilt_lon": 0.03612784612915847, "swash_tilt_lat": 0.031555457230864434, "body_z_eq": [0.8779192491433871, 0.2751889579249722, 0.391827550613378], "wind_enu": [10.0, 0.0, 0.0]}, {"t": 0.45, "pos_enu": [47.66372169640037, 13.906796678967664, 7.391303990366067], "R": [[0.4677715245563387, -0.011861783211883158, 0.8837698223594609], [-0.5084815806192893, 0.8142548049570645, 0.280063554885748], [-0.7229358775058464, -0.5803864322185419, 0.37485371321554956]], "omega_spin": 19.365469347040733, "tether_tension": 243.68280747947028, "tether_rest_length": 50.15491638453704, "swash_collective": -0.2238105612849389, "swash_tilt_lon": 0.03688091341189154, "swash_tilt_lat": 0.03161715392943721, "body_z_eq": [0.8779428822350673, 0.2751135513076437, 0.391827550613378], "wind_enu": [10.0, 0.0, 0.0]}, {"t": 0.5, "pos_enu": [47.67727913685868, 13.906075716131342, 7.440965017989957], "R": [[0.467097508113844, -0.012751929153584054, 0.8841138536504788], [-0.5086953022249664, 0.8139725541715942, 0.28049558026753557], [-0.7232212714018359, -0.5807633505639227, 0.37371770527187853]], "omega_spin": 19.368923117515624, "tether_tension": 243.61235085329483, "tether_rest_length": 50.17491638453699, "swash_collective": -0.22404450652430175, "swash_tilt_lon": 0.03762597249576254, "swash_tilt_lat": 0.031568139071183214, "body_z_eq": [0.8779676950414237, 0.27503435611568694, 0.39182755061337793], "wind_enu": [10.0, 0.0, 0.0]}, {"t": 0.55, "pos_enu": [47.69035424979943, 13.905041744213023, 7.492918858957873], "R": [[0.46649254489873543, -0.013558252154611034, 0.8844212115007274], [-0.5088873411937637, 0.8137165988108865, 0.28088960605972046], [-0.723476592245142, -0.5811036659823748, 0.37269310411543893]], "omega_spin": 19.372579534529503, "tether_tension": 242.67969452437868, "tether_rest_length": 50.194916384536945, "swash_collective": -0.22377887189252052, "swash_tilt_lon": 0.03796237210760194, "swash_tilt_lat": 0.03168430133811905, "body_z_eq": [0.8779934181948001, 0.2749522289179188, 0.39182755061337793], "wind_enu": [10.0, 0.0, 0.0]}, {"t": 0.6, "pos_enu": [47.703260037919065, 13.903836150755799, 7.546903377019584], "R": [[0.4659494592800225, -0.014291389471640506, 0.8846959124940194], [-0.5090599113048797, 0.8134836400032888, 0.2812514429283311], [-0.7237051251020148, -0.5814121805001774, 0.37176708873581976]], "omega_spin": 19.37640283268104, "tether_tension": 242.5680891966923, "tether_rest_length": 50.2149163845369, "swash_collective": -0.22392783371986003, "swash_tilt_lon": 0.03849779735939681, "swash_tilt_lat": 0.03168487920896933, "body_z_eq": [0.8780197824284479, 0.2748680269595243, 0.391827550613378], "wind_enu": [10.0, 0.0, 0.0]}, {"t": 0.65, "pos_enu": [47.71585157630694, 13.902460530255988, 7.602543757583452], "R": [[0.46546429844500053, -0.01496105009770761, 0.8849401978964898], [-0.5092142217322373, 0.813270649369592, 0.2815878677421923], [-0.7239087395927305, -0.5816932334606766, 0.3709300727729256]], "omega_spin": 19.38036585788964, "tether_tension": 242.21411541518046, "tether_rest_length": 50.23491638453685, "swash_collective": -0.22397179157448532, "swash_tilt_lon": 0.03889120366288039, "swash_tilt_lat": 0.03170335575723704, "body_z_eq": [0.878046553922817, 0.27478249530235044, 0.391827550613378], "wind_enu": [10.0, 0.0, 0.0]}, {"t": 0.7000000000000001, "pos_enu": [47.72819661676348, 13.900978319926253, 7.659556629514595], "R": [[0.465028126137176, -0.0155657539539137, 0.885159053054983], [-0.5093530722681124, 0.8130781502652168, 0.2818924783181153], [-0.7240913545074144, -0.5819464140839269, 0.37017574402231906]], "omega_spin": 19.384440880709572, "tether_tension": 241.88079920101382, "tether_rest_length": 50.254916384536806, "swash_collective": -0.2240085387542402, "swash_tilt_lon": 0.03921318836225171, "swash_tilt_lat": 0.031732474487220295, "body_z_eq": [0.8780735003748392, 0.27469637514863193, 0.39182755061337793], "wind_enu": [10.0, 0.0, 0.0]}, {"t": 0.75, "pos_enu": [47.74034775073858, 13.899445084655367, 7.717665592621651], "R": [[0.464636563353329, -0.016112620524728227, 0.8853548709161969], [-0.5094778208992138, 0.8129039243361266, 0.2821693814195896], [-0.7242549371643915, -0.5821748820232221, 0.3694958629460575]], "omega_spin": 19.38860079715081, "tether_tension": 241.71222409958563, "tether_rest_length": 50.27491638453676, "swash_collective": -0.2241332525053789, "swash_tilt_lon": 0.039530012071998494, "swash_tilt_lat": 0.03173391321876853, "body_z_eq": [0.8781004073381985, 0.27461035161262715, 0.391827550613378], "wind_enu": [10.0, 0.0, 0.0]}, {"t": 0.8, "pos_enu": [47.75229575793652, 13.897895257011308, 7.77659616790592], "R": [[0.4642847861909492, -0.016605167048329574, 0.8855302963416459], [-0.5095899752078278, 0.8127468906869214, 0.28241910141919824], [-0.7244016113174451, -0.5823802538771725, 0.36888418970545567]], "omega_spin": 19.392821178044883, "tether_tension": 241.4970031154567, "tether_rest_length": 50.29491638453671, "swash_collective": -0.2242338075178873, "swash_tilt_lon": 0.0397708513312105, "swash_tilt_lat": 0.031742718006447825, "body_z_eq": [0.8781270779010426, 0.27452505466222415, 0.39182755061337793], "wind_enu": [10.0, 0.0, 0.0]}, {"t": 0.85, "pos_enu": [47.76408428610397, 13.896376319361876, 7.836106073842461], "R": [[0.463968074542872, -0.017046303680109284, 0.8856878961213296], [-0.5096910151378217, 0.8126061564961201, 0.2826416521186863], [-0.724533432556951, -0.5825638659884854, 0.3683349659641258]], "omega_spin": 19.397078160350205, "tether_tension": 241.34638706351444, "tether_rest_length": 50.314916384536666, "swash_collective": -0.224363495965509, "swash_tilt_lon": 0.03997496030315121, "swash_tilt_lat": 0.031745675230594045, "body_z_eq": [0.8781533277277083, 0.2744410748796053, 0.39182755061337804], "wind_enu": [10.0, 0.0, 0.0]}, {"t": 0.9, "pos_enu": [47.775735047788956, 13.894926219143017, 7.895960834369305], "R": [[0.46368294976938557, -0.017440148205666705, 0.8858295340096352], [-0.5097820300316571, 0.8124804377295715, 0.28283885900556066], [-0.7246519191653091, -0.5827275345625342, 0.3678426518400314]], "omega_spin": 19.401349334831927, "tether_tension": 241.23726606597782, "tether_rest_length": 50.33491638453662, "swash_collective": -0.22451518147605093, "swash_tilt_lon": 0.04014065644556287, "swash_tilt_lat": 0.03174267419346346, "body_z_eq": [0.8781789893954985, 0.27435894948884326, 0.39182755061337793], "wind_enu": [10.0, 0.0, 0.0]}, {"t": 0.9500000000000001, "pos_enu": [47.78726829106757, 13.893579692539753, 7.955940872226635], "R": [[0.46342595034971107, -0.01778960326875425, 0.8859570636086201], [-0.5098641080962732, 0.8123688325559761, 0.28301143292600905], [-0.7247585665707305, -0.5828725503119715, 0.3674025180577286]], "omega_spin": 19.405613673894315, "tether_tension": 241.1438804300497, "tether_rest_length": 50.35491638453657, "swash_collective": -0.22467363693724826, "swash_tilt_lon": 0.04026108655570933, "swash_tilt_lat": 0.03173946980757771, "body_z_eq": [0.8782039105998108, 0.274279167979488, 0.39182755061337793], "wind_enu": [10.0, 0.0, 0.0]}, {"t": 1.0, "pos_enu": [47.798712087172625, 13.892370990163096, 8.015842456307784], "R": [[0.46319409993086175, -0.018097691446654882, 0.8860720621673728], [-0.5099381861617397, 0.8122703963001159, 0.2831604661468962], [-0.7248546558333703, -0.5830002374431372, 0.3670101511646946]], "omega_spin": 19.40985121362404, "tether_tension": 241.08856946430288, "tether_rest_length": 50.374916384536526, "swash_collective": -0.22485071813582108, "swash_tilt_lon": 0.0403471881084601, "swash_tilt_lat": 0.031732526640413886, "body_z_eq": [0.8782279538016677, 0.2742021731162184, 0.39182755061337793], "wind_enu": [10.0, 0.0, 0.0]}, {"t": 1.05, "pos_enu": [47.81008809361342, 13.891329662240825, 8.075472987071398], "R": [[0.46298484851768185, -0.018367350383275534, 0.8861758688222996], [-0.5100050679039401, 0.8121842071602824, 0.28328721176876415], [-0.7249412809016719, -0.5831118709813075, 0.3666615403411191]], "omega_spin": 19.41404325478467, "tether_tension": 241.05691962574494, "tether_rest_length": 50.39491638453648, "swash_collective": -0.2250397721373414, "swash_tilt_lon": 0.04039739082942478, "swash_tilt_lat": 0.03172352141360609, "body_z_eq": [0.8782509966647389, 0.27412835941892905, 0.39182755061337804], "wind_enu": [10.0, 0.0, 0.0]}, {"t": 1.1, "pos_enu": [47.82141968141155, 13.890483077254245, 8.134652996300678], "R": [[0.4627958672470949, -0.018601169090745, 0.886269700355071], [-0.5100654887975608, 0.812109451096137, 0.2833927249913736], [-0.725019435875146, -0.583208569851977, 0.36635308331512206]], "omega_spin": 19.41817224175979, "tether_tension": 241.04762386385275, "tether_rest_length": 50.41491638453643, "swash_collective": -0.22523974946169595, "swash_tilt_lon": 0.040413812233488396, "swash_tilt_lat": 0.03171301972251407, "body_z_eq": [0.8782729311895392, 0.27405807581615943, 0.391827550613378], "wind_enu": [10.0, 0.0, 0.0]}, {"t": 1.1500000000000001, "pos_enu": [47.83273032346594, 13.889855986637317, 8.193214894990925], "R": [[0.46262514707290997, -0.018801690867876256, 0.8863545959243838], [-0.5101200841152197, 0.8120453255421523, 0.2834781985398895], [-0.7250899758499286, -0.5832914243203379, 0.36608146803177777]], "omega_spin": 19.422221723868017, "tether_tension": 241.0618084447656, "tether_rest_length": 50.434916384536386, "swash_collective": -0.2254515887504091, "swash_tilt_lon": 0.040399732717719294, "swash_tilt_lat": 0.03170058855325105, "body_z_eq": [0.8782936634755896, 0.2739916262934849, 0.391827550613378], "wind_enu": [10.0, 0.0, 0.0]}, {"t": 1.2, "pos_enu": [47.84404207024474, 13.889470156359556, 8.251002125774104], "R": [[0.4624709158970091, -0.018971286306013982, 0.8864314650582285], [-0.510169415039195, 0.811991080442381, 0.28354479935378796], [-0.7251536526198757, -0.5833614450560726, 0.3658436886351098]], "omega_spin": 19.426176362628812, "tether_tension": 241.09453943932047, "tether_rest_length": 50.45491638453634, "swash_collective": -0.22567288817333428, "swash_tilt_lon": 0.0403561164037625, "swash_tilt_lat": 0.03168685249106644, "body_z_eq": [0.8783131133168585, 0.27392927108282533, 0.39182755061337793], "wind_enu": [10.0, 0.0, 0.0]}, {"t": 1.25, "pos_enu": [47.855377238326156, 13.88934496098194, 8.307869202331181], "R": [[0.46233160436666443, -0.01911217227757476, 0.8865011068659637], [-0.5102139792660857, 0.8119460126205876, 0.2835936669797026], [-0.7252111299237018, -0.5834195724008242, 0.365637005203832]], "omega_spin": 19.430021877771463, "tether_tension": 241.14513301422562, "tether_rest_length": 50.47491638453629, "swash_collective": -0.22590333343107372, "swash_tilt_lon": 0.04028522347027748, "swash_tilt_lat": 0.03167185111939448, "body_z_eq": [0.878331213615412, 0.2738712284435851, 0.391827550613378], "wind_enu": [10.0, 0.0, 0.0]}, {"t": 1.3, "pos_enu": [47.86675751276484, 13.889497205472878, 8.363680999018861], "R": [[0.46220584147054544, -0.019226459549577034, 0.8865642127695512], [-0.5102542121526986, 0.8119094509288401, 0.28362595521717976], [-0.7252629861580787, -0.5834666972035483, 0.3654589089944981]], "omega_spin": 19.433745027988376, "tether_tension": 241.21186753011963, "tether_rest_length": 50.494916384536246, "swash_collective": -0.22614220631331483, "swash_tilt_lon": 0.040188943819283555, "swash_tilt_lat": 0.03165565287691448, "body_z_eq": [0.8783479099179734, 0.27381767606027285, 0.391827550613378], "wind_enu": [10.0, 0.0, 0.0]}, {"t": 1.35, "pos_enu": [47.87820399090884, 13.889941240750268, 8.418312409085459], "R": [[0.4620924168438067, -0.019316126922505502, 0.886621387930702], [-0.5102904985560438, 0.8118807648594516, 0.2836427872071764], [-0.7253097306522737, -0.5835036511384869, 0.36530710878544526]], "omega_spin": 19.43733358657291, "tether_tension": 241.29264859438885, "tether_rest_length": 50.5149163845362, "swash_collective": -0.22638850542468258, "swash_tilt_lon": 0.04006889823326819, "swash_tilt_lat": 0.03163843328161729, "body_z_eq": [0.8783631598527945, 0.27376875277090157, 0.391827550613378], "wind_enu": [10.0, 0.0, 0.0]}, {"t": 1.4000000000000001, "pos_enu": [47.88973735009675, 13.890689117347415, 8.471648033953604], "R": [[0.4619902649678426, -0.019383042324085456, 0.8866731600455754], [-0.5103231777091435, 0.8118593581004415, 0.28364526605882295], [-0.7253518107565351, -0.5835312162472557, 0.36517950421294754]], "omega_spin": 19.44077631074652, "tether_tension": 241.38626030479296, "tether_rest_length": 50.53491638453615, "swash_collective": -0.2266416886466028, "swash_tilt_lon": 0.03992692864073877, "swash_tilt_lat": 0.03162021848921785, "body_z_eq": [0.8783769325522547, 0.2737245603529443, 0.39182755061337793], "wind_enu": [10.0, 0.0, 0.0]}, {"t": 1.45, "pos_enu": [47.90137759185951, 13.891750616316212, 8.523581781079962], "R": [[0.461898448472127, -0.019428970449297766, 0.8867199887260484], [-0.5103525484196816, 0.8118446663559705, 0.28363447257147545], [-0.7253896191844619, -0.5835501287949849, 0.36507416720822444]], "omega_spin": 19.444062918625352, "tether_tension": 241.49113546927728, "tether_rest_length": 50.55491638453611, "swash_collective": -0.22690103883078544, "swash_tilt_lon": 0.0397646829454442, "swash_tilt_lat": 0.03160106859417696, "body_z_eq": [0.8783892080814554, 0.27368516530194775, 0.391827550613378], "wind_enu": [10.0, 0.0, 0.0]}, {"t": 1.5, "pos_enu": [47.9131440755189, 13.893133370142422, 8.574016574072584], "R": [[0.4618161394733891, -0.01945557400080265, 0.8867622759016051], [-0.5103788749230117, 0.8118361571810686, 0.28361145591424164], [-0.7254235020691124, -0.583561080379573, 0.36498932602476175]], "omega_spin": 19.447184062967466, "tether_tension": 241.6058891015584, "tether_rest_length": 50.57491638453606, "swash_collective": -0.227165907285612, "swash_tilt_lon": 0.03958378191629604, "swash_tilt_lat": 0.03158102719601717, "body_z_eq": [0.8783999768374251, 0.27365060071619046, 0.391827550613378], "wind_enu": [10.0, 0.0, 0.0]}, {"t": 1.55, "pos_enu": [47.92505546577625, 13.894842959009734, 8.622864048547942], "R": [[0.4617426068862319, -0.019464423471441183, 0.886800372803728], [-0.5104023908472443, 0.8118333270523669, 0.2835772355188293], [-0.7254537644835289, -0.5835647224653058, 0.3649233485139961]], "omega_spin": 19.450131305279648, "tether_tension": 241.7293005209141, "tether_rest_length": 50.59491638453601, "swash_collective": -0.22743573076489793, "swash_tilt_lon": 0.03938583207476456, "swash_tilt_lat": 0.03156010684254452, "body_z_eq": [0.8784092389489404, 0.2736208681907577, 0.39182755061337793], "wind_enu": [10.0, 0.0, 0.0]}, {"t": 1.6, "pos_enu": [47.93712965131401, 13.89688299992737, 8.670044258129193], "R": [[0.4616772034312844, -0.019457001379409124, 0.886834587129522], [-0.5104233032931879, 0.811835700184824, 0.28353279768077344], [-0.7254806760259978, -0.5835616685516092, 0.36487472879075034]], "omega_spin": 19.452897090861967, "tether_tension": 241.86013389580935, "tether_rest_length": 50.61491638453597, "swash_collective": -0.22770993001995143, "swash_tilt_lon": 0.03917236273197848, "swash_tilt_lat": 0.03153832318140845, "body_z_eq": [0.8784170036730284, 0.2735959397330662, 0.39182755061337793], "wind_enu": [10.0, 0.0, 0.0]}, {"t": 1.6500000000000001, "pos_enu": [47.94938371864252, 13.8992552529478, 8.715485408688151], "R": [[0.4616193542251666, -0.019434707097120658, 0.8868651892845885], [-0.510441796422394, 0.811842827132646, 0.28347909358249246], [-0.7255044757062626, -0.5835524965187983, 0.3648420747897084]], "omega_spin": 19.455474722921103, "tether_tension": 241.99727438228825, "tether_rest_length": 50.63491638453592, "swash_collective": -0.2279879791714625, "swash_tilt_lon": 0.03894487423721018, "swash_tilt_lat": 0.03151567854854755, "body_z_eq": [0.8784232887878105, 0.2735757597001743, 0.39182755061337793], "wind_enu": [10.0, 0.0, 0.0]}, {"t": 1.7, "pos_enu": [47.96183376221203, 13.90195973255895, 8.759123509926551], "R": [[0.4615685853874536, -0.01939885906303561, 0.8868923977859304], [-0.5104580222678428, 0.8118542842033621, 0.2834170579253279], [-0.7255253603326538, -0.5835377498394589, 0.36482413026892]], "omega_spin": 19.457858338007803, "tether_tension": 242.1388866254176, "tether_rest_length": 50.65491638453587, "swash_collective": -0.2282690599786219, "swash_tilt_lon": 0.038704599240153875, "swash_tilt_lat": 0.031490380194154476, "body_z_eq": [0.8784281197677424, 0.2735602474440133, 0.39182755061337793], "wind_enu": [10.0, 0.0, 0.0]}, {"t": 1.75, "pos_enu": [47.97449449385553, 13.904995249840713, 8.80090161208382], "R": [[0.46152457262891483, -0.019350644348212223, 0.8869163553701139], [-0.5104720851834784, 0.811869689673591, 0.28334759084512773], [-0.7255434646581338, -0.5835179170793435, 0.36481984778689835]], "omega_spin": 19.46004288485148, "tether_tension": 242.28081606960808, "tether_rest_length": 50.67491638453583, "swash_collective": -0.2285510103595712, "swash_tilt_lon": 0.03845172251937199, "swash_tilt_lat": 0.03146314550933467, "body_z_eq": [0.8784315264152065, 0.27354930813323436, 0.391827550613378], "wind_enu": [10.0, 0.0, 0.0]}, {"t": 1.8, "pos_enu": [47.98738102291264, 13.90835982599157, 8.840770265904013], "R": [[0.46148688235070234, -0.019291207975935445, 0.8869372619937994], [-0.5104841245472471, 0.8118886753168628, 0.28327149076011815], [-0.7255589679712183, -0.5834934688469599, 0.3648281181727668]], "omega_spin": 19.46202407395819, "tether_tension": 242.42731280803162, "tether_rest_length": 50.69491638453578, "swash_collective": -0.2288358795548647, "swash_tilt_lon": 0.03818921070089705, "swash_tilt_lat": 0.03143507806493032, "body_z_eq": [0.8784335430782869, 0.27354283206702423, 0.39182755061337793], "wind_enu": [10.0, 0.0, 0.0]}, {"t": 1.85, "pos_enu": [48.00050651636034, 13.91204973935089, 8.878686867958706], "R": [[0.4614551311463536, -0.019221695185558187, 0.8869552910789213], [-0.5104942637479808, 0.8119108729774649, 0.2831895849450989], [-0.7255720285534085, -0.5834648753568321, 0.36484787323722734]], "omega_spin": 19.46379838133521, "tether_tension": 242.5767085687003, "tether_rest_length": 50.714916384535734, "swash_collective": -0.22912304155556187, "swash_tilt_lon": 0.037918260673889, "swash_tilt_lat": 0.03140613186243969, "body_z_eq": [0.878434210258204, 0.27354068952966804, 0.39182755061337804], "wind_enu": [10.0, 0.0, 0.0]}, {"t": 1.9000000000000001, "pos_enu": [48.013883053107186, 13.91605988872943, 8.914615774968087], "R": [[0.4614289567096886, -0.019143147144865726, 0.8869706070818792], [-0.5105026194552333, 0.8119359479380396, 0.28310261739394393], [-0.7255827957160738, -0.5834325636809675, 0.36487813061007135]], "omega_spin": 19.465363020428068, "tether_tension": 242.7270951153427, "tether_rest_length": 50.73491638453569, "swash_collective": -0.2294114397829065, "swash_tilt_lon": 0.03763975415128425, "swash_tilt_lat": 0.03137651044124731, "body_z_eq": [0.8784335740215963, 0.27354273269813906, 0.391827550613378], "wind_enu": [10.0, 0.0, 0.0]}, {"t": 1.95, "pos_enu": [48.027522057339425, 13.920384019409905, 8.948528169884824], "R": [[0.4614080309447508, -0.019056560702287895, 0.8869833574954421], [-0.5105092974127583, 0.8119635798688943, 0.2830113111195748], [-0.7255914044659155, -0.5833969424505829, 0.3649179651709295]], "omega_spin": 19.46671590281751, "tether_tension": 242.8788425184097, "tether_rest_length": 50.75491638453564, "swash_collective": -0.2297012872884887, "swash_tilt_lon": 0.03735532979047936, "swash_tilt_lat": 0.03134606855862451, "body_z_eq": [0.8784316854627078, 0.2735487973935679, 0.39182755061337793], "wind_enu": [10.0, 0.0, 0.0]}, {"t": 2.0, "pos_enu": [48.041433620147025, 13.925014619121749, 8.980401638390646], "R": [[0.4613920555284963, -0.01896288290267265, 0.8869936753817405], [-0.5105143938426017, 0.8119934646094963, 0.282916360627991], [-0.7255979773777693, -0.5833583997025207, 0.3649665090413149]], "omega_spin": 19.467855619727043, "tether_tension": 243.03068826324957, "tether_rest_length": 50.774916384535594, "swash_collective": -0.22999197504249397, "swash_tilt_lon": 0.03706604693060469, "swash_tilt_lat": 0.03131484882483807, "body_z_eq": [0.8784286002203564, 0.27355870465994314, 0.391827550613378], "wind_enu": [10.0, 0.0, 0.0]}, {"t": 2.05, "pos_enu": [48.05562685119502, 13.929943121779377, 9.010220061119268], "R": [[0.4613807514895984, -0.018863000980517505, 0.8870016850879727], [-0.5105179987591413, 0.8120253173777512, 0.2828184167987007], [-0.7256026289215434, -0.5833172988447805, 0.36502294964916127]], "omega_spin": 19.46878141030768, "tether_tension": 243.18197735817756, "tether_rest_length": 50.79491638453555, "swash_collective": -0.23028315011159897, "swash_tilt_lon": 0.03677307910854868, "swash_tilt_lat": 0.03128286313219182, "body_z_eq": [0.8784243779422147, 0.2735722625142283, 0.39182755061337793], "wind_enu": [10.0, 0.0, 0.0]}, {"t": 2.1, "pos_enu": [48.070109802325845, 13.935159978344984, 9.03797335641818], "R": [[0.46137386045789436, -0.018757757622098054, 0.8870075013297072], [-0.5105201955605637, 0.8120588679085144, 0.2827181016064323], [-0.7256054649814753, -0.5832739850020157, 0.36508652071650793]], "omega_spin": 19.46949313267299, "tether_tension": 243.3322109929497, "tether_rest_length": 50.8149163845355, "swash_collective": -0.2305745702129955, "swash_tilt_lon": 0.03647761759940063, "swash_tilt_lat": 0.03125008783448505, "body_z_eq": [0.878419081794596, 0.2735892675516705, 0.39182755061337793], "wind_enu": [10.0, 0.0, 0.0]}, {"t": 2.15, "pos_enu": [48.08488939030369, 13.940654726576412, 9.063657234859203], "R": [[0.4613711399307296, -0.0186479473700918, 0.887011231776634], [-0.5105210625308857, 0.8120938616024024, 0.28261600213015664], [-0.7256065848318597, -0.5832287835888922, 0.3651565007528498]], "omega_spin": 19.469991236631206, "tether_tension": 243.48063377462816, "tether_rest_length": 50.834916384535454, "swash_collective": -0.2308658482500956, "swash_tilt_lon": 0.03618071184345557, "swash_tilt_lat": 0.03121654053413185, "body_z_eq": [0.8784127779790496, 0.2736095065297437, 0.39182755061337793], "wind_enu": [10.0, 0.0, 0.0]}, {"t": 2.2, "pos_enu": [48.09997147749796, 13.94641610504327, 9.087272995463444], "R": [[0.4613723603557993, -0.018534319028829828, 0.8870129785509657], [-0.5105206737633183, 0.8121300587534969, 0.28251267109510086], [-0.7256060823614741, -0.5831820013402146, 0.3652322090846528]], "omega_spin": 19.470276733652273, "tether_tension": 243.6267105857824, "tether_rest_length": 50.85491638453541, "swash_collective": -0.2311567026932807, "swash_tilt_lon": 0.03588342766048105, "swash_tilt_lat": 0.031182223067396885, "body_z_eq": [0.8784055352553336, 0.2736327579313408, 0.39182755061337793], "wind_enu": [10.0, 0.0, 0.0]}, {"t": 2.25, "pos_enu": [48.115360838032366, 13.952432129798108, 9.108827283626793], "R": [[0.4613773036576497, -0.018417579386799086, 0.8870128389370291], [-0.5105190996245423, 0.8121672333530745, 0.28240862944704576], [-0.7256040467005017, -0.5831339278734707, 0.3653130021977229]], "omega_spin": 19.470351168072103, "tether_tension": 243.7698833510355, "tether_rest_length": 50.87491638453536, "swash_collective": -0.2314468435644929, "swash_tilt_lon": 0.035586775202383895, "swash_tilt_lat": 0.031147141386793302, "body_z_eq": [0.87839742448639, 0.2736587934563724, 0.39182755061337793], "wind_enu": [10.0, 0.0, 0.0]}, {"t": 2.3000000000000003, "pos_enu": [48.13106117162022, 13.958690182640888, 9.128331863458861], "R": [[0.46138576084151633, -0.018298393558361676, 0.8870109066329898], [-0.5105164075138864, 0.8122051729666271, 0.28230436529633485], [-0.7256005632245686, -0.5830848358510392, 0.36539827154593324]], "omega_spin": 19.470216588013226, "tether_tension": 243.9095968663411, "tether_rest_length": 50.894916384535314, "swash_collective": -0.23173597551351424, "swash_tilt_lon": 0.035291711388554886, "swash_tilt_lat": 0.03111130941888391, "body_z_eq": [0.8783885181949859, 0.27368737947435157, 0.391827550613378], "wind_enu": [10.0, 0.0, 0.0]}, {"t": 2.35, "pos_enu": [48.147075128987794, 13.965177099543451, 9.145803389517935], "R": [[0.4613975305451235, -0.01817738728145918, 0.8870072724608754], [-0.5105126623212707, 0.8122436779843759, 0.2822003351948062], [-0.7255957141663052, -0.5830349819402194, 0.3654874408477778]], "omega_spin": 19.469875516019957, "tether_tension": 244.04535750646943, "tether_rest_length": 50.91491638453527, "swash_collective": -0.23202383267530666, "swash_tilt_lon": 0.03499916152540218, "swash_tilt_lat": 0.031074739970285935, "body_z_eq": [0.8783788901366222, 0.2737182784226816, 0.39182755061337793], "wind_enu": [10.0, 0.0, 0.0]}, {"t": 2.4, "pos_enu": [48.1634043216901, 13.971879251158727, 9.161263171514744], "R": [[0.4614124177828338, -0.018055148563143088, 0.8870020249842514], [-0.5105079268247064, 0.8122825610771978, 0.28209696492342484], [-0.725589579145773, -0.5829846074985428, 0.36557996396798087]], "omega_spin": 19.469330920084573, "tether_tension": 244.17667417864365, "tether_rest_length": 50.93491638453522, "swash_collective": -0.23231014839423192, "swash_tilt_lon": 0.034710000470157945, "swash_tilt_lat": 0.031037450775071706, "body_z_eq": [0.8783686148901333, 0.27375125014565616, 0.391827550613378], "wind_enu": [10.0, 0.0, 0.0]}, {"t": 2.45, "pos_enu": [48.18004934989311, 13.97878262536321, 9.17473694213556], "R": [[0.4614302327830719, -0.01793222894949883, 0.8869952510801073], [-0.5105022620588352, 0.8123216467701873, 0.28199464998716256], [-0.725582235660833, -0.5829339390989965, 0.36567532312142076]], "omega_spin": 19.468586184697347, "tether_tension": 244.30308227531415, "tether_rest_length": 50.954916384535174, "swash_collective": -0.23259466615620653, "swash_tilt_lon": 0.0344250594003213, "swash_tilt_lat": 0.03099946290593961, "body_z_eq": [0.8783577674646732, 0.27378605317801674, 0.39182755061337793], "wind_enu": [10.0, 0.0, 0.0]}, {"t": 2.5, "pos_enu": [48.19700983019867, 13.985872906300004, 9.18625462214433], "R": [[0.46145079017812785, -0.01780914510853633, 0.8869870363170392], [-0.5104957275720634, 0.8123607709153642, 0.28189375659717036], [-0.7255737594308737, -0.5828831891797, 0.365773027158989]], "omega_spin": 19.467645082154217, "tether_tension": 244.42414239914004, "tether_rest_length": 50.97491638453513, "swash_collective": -0.23287714027054285, "swash_tilt_lon": 0.03414512613252079, "swash_tilt_lat": 0.030960800029419668, "body_z_eq": [0.878346422924876, 0.27382244596708216, 0.391827550613378], "wind_enu": [10.0, 0.0, 0.0]}, {"t": 2.5500000000000003, "pos_enu": [48.2142844257028, 13.993135550554817, 9.195850084121323], "R": [[0.4614739083186917, -0.017686380106116274, 0.8869774652717023], [-0.5104883816447305, 0.8123997802612801, 0.28179462244188985], [-0.7255642246878055, -0.5828325565633452, 0.36587261015689426]], "omega_spin": 19.466511744235692, "tether_tension": 244.53943120033006, "tether_rest_length": 50.99491638453508, "swash_collective": -0.23315733081532405, "swash_tilt_lon": 0.03387094195937623, "swash_tilt_lat": 0.030921489411898633, "body_z_eq": [0.8783346560343057, 0.27386018803290596, 0.39182755061337793], "wind_enu": [10.0, 0.0, 0.0]}, {"t": 2.6, "pos_enu": [48.23187088207526, 14.00055586151713, 9.203560916091384], "R": [[0.4614994087510918, -0.017564384650761693, 0.8869666217588084], [-0.5104802814562299, 0.8124385320321761, 0.2816975575218403], [-0.7255537043987589, -0.5827822269606735, 0.365973630159328]], "omega_spin": 19.465190634260292, "tether_tension": 244.6485476099179, "tether_rest_length": 51.014916384535034, "swash_collective": -0.23343500688941765, "swash_tilt_lon": 0.03360320357493624, "swash_tilt_lat": 0.030881561211591208, "body_z_eq": [0.8783225409174427, 0.2738990410655871, 0.39182755061337793], "wind_enu": [10.0, 0.0, 0.0]}, {"t": 2.65, "pos_enu": [48.24976606523089, 14.008119060547635, 9.209428184029566], "R": [[0.4615271158538842, -0.017443578316871648, 0.8869545889768531], [-0.5104714832021386, 0.8124768935140593, 0.2816028450551448], [-0.7255422704219271, -0.5827323734625063, 0.36607566806570124]], "omega_spin": 19.463686519639975, "tether_tension": 244.75110994189205, "tether_rest_length": 51.03491638453499, "swash_collective": -0.23370994542379442, "swash_tilt_lon": 0.033342562300101505, "swash_tilt_lat": 0.03084104846062899, "body_z_eq": [0.8783101507407762, 0.2739387699578793, 0.39182755061337793], "wind_enu": [10.0, 0.0, 0.0]}, {"t": 2.7, "pos_enu": [48.26796600213036, 14.015810355386199, 9.21349619418711], "R": [[0.46155685658000706, -0.01732435066086158, 0.8869414495997818], [-0.5104620421784362, 0.8125147416751959, 0.2815107423447804], [-0.7255299936177718, -0.5826831569855677, 0.3661783266747613]], "omega_spin": 19.46200444499703, "tether_tension": 244.8467553800075, "tether_rest_length": 51.05491638453494, "swash_collective": -0.23398193087299646, "swash_tilt_lon": 0.03308962388057571, "swash_tilt_lat": 0.030799987023810625, "body_z_eq": [0.8782975574131371, 0.2739791437727295, 0.391827550613378], "wind_enu": [10.0, 0.0, 0.0]}, {"t": 2.75, "pos_enu": [48.28646592429199, 14.023615005646453, 9.215812255502794], "R": [[0.4615884603075788, -0.01720706230957942, 0.8869272858118377], [-0.510452012831806, 0.8125519627960732, 0.28142148168220144], [-0.725516943914363, -0.5826347267052676, 0.3662812298360935]], "omega_spin": 19.46014970590424, "tether_tension": 244.93514106305295, "tether_rest_length": 51.074916384534895, "swash_collective": -0.23425075591016897, "swash_tilt_lon": 0.032844948927616364, "swash_tilt_lat": 0.030758415310588434, "body_z_eq": [0.8782848313055023, 0.2740199366451029, 0.391827550613378], "wind_enu": [10.0, 0.0, 0.0]}, {"t": 2.8000000000000003, "pos_enu": [48.30526031308733, 14.031518385110864, 9.21642644232256], "R": [[0.4616217587787571, -0.017092046000821894, 0.8869121792970899], [-0.5104414487825221, 0.8125884521154838, 0.2813352712571977], [-0.7255031903353749, -0.5825872204675167, 0.36638402170554074]], "omega_spin": 19.458127823319796, "tether_tension": 245.01594339999295, "tether_rest_length": 51.09491638453485, "swash_collective": -0.23451622118147644, "swash_tilt_lon": 0.03260905284041328, "swash_tilt_lat": 0.03071637415812612, "body_z_eq": [0.8782720409904404, 0.2740609286177201, 0.39182755061337793], "wind_enu": [10.0, 0.0, 0.0]}, {"t": 2.85, "pos_enu": [48.32434294696282, 14.039506040871254, 9.21539135799603], "R": [[0.4616565861092931, -0.016979607577379277, 0.8868962111929622], [-0.5104304028253891, 0.8126241134924664, 0.2812522960654605], [-0.7254888009979368, -0.5825407651805152, 0.3664863660894843]], "omega_spin": 19.45594451876642, "tether_tension": 245.08885852993657, "tether_rest_length": 51.1149163845348, "swash_collective": -0.23477813560877098, "swash_tilt_lon": 0.03238240611480317, "swash_tilt_lat": 0.03067390664403438, "body_z_eq": [0.8782592530012497, 0.27410190641074994, 0.39182755061337793], "wind_enu": [10.0, 0.0, 0.0]}, {"t": 2.9, "pos_enu": [48.343706950051185, 14.04756374916576, 9.212761899724931], "R": [[0.46169277885996857, -0.016870026951794945, 0.8868794620122885], [-0.5104189269114847, 0.8126588590788065, 0.28117271882467576], [-0.7254738430840143, -0.5824954771939238, 0.3665879458595631]], "omega_spin": 19.45360569030311, "tether_tension": 245.15360272292708, "tether_rest_length": 51.134916384534755, "swash_collective": -0.2350363167041709, "swash_tilt_lon": 0.0321654347231892, "swash_tilt_lat": 0.030631057885754955, "body_z_eq": [0.8782465316108252, 0.27414266412559085, 0.39182755061337793], "wind_enu": [10.0, 0.0, 0.0]}, {"t": 2.95, "pos_enu": [48.36334484181324, 14.055677567829262, 9.208595025129963], "R": [[0.46173017615642786, -0.01676355903808838, 0.8868620115412155], [-0.510407072114924, 0.8126926090034151, 0.28109668088807493], [-0.7254583827909257, -0.5824514626641414, 0.3666884624293176]], "omega_spin": 19.451117389330324, "tether_tension": 245.20991263344698, "tether_rest_length": 51.15491638453471, "swash_collective": -0.23529059079032688, "swash_tilt_lon": 0.03195852050966184, "swash_tilt_lat": 0.030587874868021205, "body_z_eq": [0.8782339386302069, 0.2741830038831632, 0.39182755061337793], "wind_enu": [10.0, 0.0, 0.0]}, {"t": 3.0, "pos_enu": [48.383248587455974, 14.06383388531491, 9.202949521042036], "R": [[0.46176861984750955, -0.016660434656935983, 0.8868439387181764], [-0.5103948885877282, 0.8127252910666123, 0.2810243031558144], [-0.7254424852651291, -0.5824088179086341, 0.36678763528044483]], "omega_spin": 19.44848579825832, "tether_tension": 245.25754585097602, "tether_rest_length": 51.17491638453466, "swash_collective": -0.23554079337654626, "swash_tilt_lon": 0.03176200175512711, "swash_tilt_lat": 0.0305444062518699, "body_z_eq": [0.8782215332267085, 0.27422273639734934, 0.39182755061337793], "wind_enu": [10.0, 0.0, 0.0]}, {"t": 3.0500000000000003, "pos_enu": [48.40340964874471, 14.072019466216599, 9.195885774995109], "R": [[0.4618079546935073, -0.016560861418880926, 0.8868253214984702], [-0.5103824255054458, 0.8127568404429356, 0.2809556869835433], [-0.7254262145228676, -0.5823676297514151, 0.36688520152868104]], "omega_spin": 19.44571720906243, "tether_tension": 245.29628137957417, "tether_rest_length": 51.194916384534615, "swash_collective": -0.23578676950663788, "swash_tilt_lon": 0.031576173808391346, "swash_tilt_lat": 0.030500702191083667, "body_z_eq": [0.8782093717614633, 0.27426168148441116, 0.39182755061337793], "wind_enu": [10.0, 0.0, 0.0]}, {"t": 3.1, "pos_enu": [48.42381903491621, 14.080221493258293, 9.187465549931316], "R": [[0.4618480285759469, -0.0164650245872507, 0.8868062367089293], [-0.5103697310061311, 0.8127871993919872, 0.2808909150849476], [-0.7254096333612067, -0.5823279758605725, 0.3669809155213495]], "omega_spin": 19.442818002740122, "tether_tension": 245.32592014573544, "tether_rest_length": 51.21491638453457, "swash_collective": -0.23602837411865998, "swash_tilt_lon": 0.03140128981148387, "swash_tilt_lat": 0.03045681415352697, "body_z_eq": [0.8781975076461681, 0.27429966850942283, 0.39182755061337793], "wind_enu": [10.0, 0.0, 0.0]}, {"t": 3.15, "pos_enu": [48.444467353400334, 14.088427605725812, 9.177751762625666], "R": [[0.46188869272208954, -0.016373087924547856, 0.8867867598962534], [-0.5103568521247669, 0.8128163169761327, 0.2808300524278938], [-0.7253928032623274, -0.582289925079569, 0.3670745484585548]], "omega_spin": 19.439794629676435, "tether_tension": 245.34628553951774, "tether_rest_length": 51.23491638453452, "swash_collective": -0.2362654724273405, "swash_tilt_lon": 0.031237561529020668, "swash_tilt_lat": 0.03041279474219092, "body_z_eq": [0.8781859912187422, 0.27433653677094516, 0.39182755061337793], "wind_enu": [10.0, 0.0, 0.0]}, {"t": 3.2, "pos_enu": [48.46534486005913, 14.09662593432564, 9.1668082663321], "R": [[0.461929801938